participant,block,trial,tracked,pos_x,pos_y,pos_z,aperture,time_ms,phase
206,4,94,wrist,0.2092,0.7937,-0.9519,0.0000,0,startbuffer
206,4,94,wrist,0.2092,0.7937,-0.9518,0.0000,4.9861,startbuffer
206,4,94,wrist,0.2092,0.7937,-0.9518,0.0000,9.9726,startbuffer
206,4,94,wrist,0.2089,0.7944,-0.9518,0.0000,14.9596,startbuffer
206,4,94,wrist,0.2088,0.7946,-0.9518,0.0000,19.946,startbuffer
206,4,94,wrist,0.2091,0.7942,-0.9519,0.0000,24.9322,startbuffer
206,4,94,wrist,0.2092,0.7936,-0.9518,0.0000,29.919,startbuffer
206,4,94,wrist,0.2092,0.7936,-0.9518,0.0000,34.9059,startbuffer
206,4,94,wrist,0.2091,0.7939,-0.9519,0.0000,39.8933,startbuffer
206,4,94,wrist,0.2091,0.7941,-0.9519,0.0000,44.879,startbuffer
206,4,94,wrist,0.2091,0.7941,-0.9519,0.0000,49.8658,startbuffer
206,4,94,wrist,0.2092,0.7936,-0.9518,0.0000,54.8531,startbuffer
206,4,94,wrist,0.2092,0.7936,-0.9518,0.0000,59.8391,begin
206,4,94,wrist,0.2092,0.7936,-0.9518,0.0000,64.8263,begin
206,4,94,wrist,0.2088,0.7945,-0.9517,0.0000,69.8128,begin
206,4,94,wrist,0.2088,0.7945,-0.9517,0.0000,74.8006,begin
206,4,94,wrist,0.2091,0.7936,-0.9518,0.0000,79.7862,begin
206,4,94,wrist,0.2092,0.7935,-0.9518,0.0000,84.7723,begin
206,4,94,wrist,0.2092,0.7935,-0.9518,0.0000,89.7593,begin
206,4,94,wrist,0.2090,0.7944,-0.9518,0.0000,94.7457,begin
206,4,94,wrist,0.2089,0.7947,-0.9518,0.0000,99.733,begin
206,4,94,wrist,0.2091,0.7943,-0.9519,0.0000,104.719,begin
206,4,94,wrist,0.2093,0.7938,-0.9519,0.0000,109.7063,begin
206,4,94,wrist,0.2093,0.7938,-0.9519,0.0000,114.6925,begin
206,4,94,wrist,0.2093,0.7938,-0.9519,0.0000,119.6801,begin
206,4,94,wrist,0.2093,0.7938,-0.9519,0.0000,124.6661,begin
206,4,94,wrist,0.2093,0.7938,-0.9519,0.0000,129.6524,begin
206,4,94,wrist,0.2090,0.7935,-0.9518,0.0000,134.639,begin
206,4,94,wrist,0.2090,0.7934,-0.9518,0.0000,139.6256,begin
206,4,94,wrist,0.2090,0.7934,-0.9518,0.0000,144.6126,begin
206,4,94,wrist,0.2089,0.7946,-0.9517,0.0000,149.5992,begin
206,4,94,wrist,0.2089,0.7946,-0.9517,0.0000,154.5862,begin
206,4,94,wrist,0.2091,0.7935,-0.9518,0.0000,159.5725,begin
206,4,94,wrist,0.2091,0.7934,-0.9517,0.0000,164.5595,begin
206,4,94,wrist,0.2091,0.7934,-0.9517,0.0000,169.5462,begin
206,4,94,wrist,0.2089,0.7944,-0.9517,0.0000,174.533,begin
206,4,94,wrist,0.2089,0.7946,-0.9517,0.0000,179.5191,begin
206,4,94,wrist,0.2090,0.7940,-0.9518,0.0000,184.5053,begin
206,4,94,wrist,0.2091,0.7934,-0.9517,0.0000,189.4924,begin
206,4,94,wrist,0.2091,0.7934,-0.9517,0.0000,194.479,begin
206,4,94,wrist,0.2090,0.7936,-0.9518,0.0000,199.4665,begin
206,4,94,wrist,0.2090,0.7938,-0.9518,0.0000,204.4524,begin
206,4,94,wrist,0.2088,0.7940,-0.9517,0.0000,209.4398,begin
206,4,94,wrist,0.2091,0.7934,-0.9517,0.0000,214.4255,begin
206,4,94,wrist,0.2091,0.7933,-0.9517,0.0000,219.4132,begin
206,4,94,wrist,0.2091,0.7933,-0.9517,0.0000,224.3988,begin
206,4,94,wrist,0.2087,0.7942,-0.9516,0.0000,229.3854,begin
206,4,94,wrist,0.2087,0.7942,-0.9516,0.0000,234.3723,begin
206,4,94,wrist,0.2090,0.7933,-0.9517,0.0000,239.3588,begin
206,4,94,wrist,0.2090,0.7933,-0.9517,0.0000,244.346,begin
206,4,94,wrist,0.2088,0.7942,-0.9517,0.0000,249.3325,begin
206,4,94,wrist,0.2088,0.7945,-0.9517,0.0000,254.3195,begin
206,4,94,wrist,0.2088,0.7945,-0.9517,0.0000,259.3057,begin
206,4,94,wrist,0.2089,0.7936,-0.9517,0.0000,264.2923,begin
206,4,94,wrist,0.2090,0.7933,-0.9517,0.0000,269.2796,begin
206,4,94,wrist,0.2090,0.7933,-0.9517,0.0000,274.2655,begin
206,4,94,wrist,0.2089,0.7935,-0.9518,0.0000,279.2534,begin
206,4,94,wrist,0.2089,0.7937,-0.9518,0.0000,284.2389,begin
206,4,94,wrist,0.2087,0.7939,-0.9517,0.0000,289.2253,begin
206,4,94,wrist,0.2089,0.7937,-0.9518,0.0000,294.2126,begin
206,4,94,wrist,0.2089,0.7937,-0.9518,0.0000,299.1999,begin
206,4,94,wrist,0.2089,0.7945,-0.9517,0.0000,304.1863,begin
206,4,94,wrist,0.2089,0.7944,-0.9517,0.0000,310.1703,begin
206,4,94,wrist,0.2089,0.7944,-0.9517,0.0000,315.1568,begin
206,4,94,wrist,0.2090,0.7933,-0.9517,0.0000,320.1435,begin
206,4,94,wrist,0.2090,0.7932,-0.9517,0.0000,325.1295,begin
206,4,94,wrist,0.2090,0.7932,-0.9517,0.0000,330.1164,begin
206,4,94,wrist,0.2089,0.7943,-0.9517,0.0000,335.1028,begin
206,4,94,wrist,0.2089,0.7943,-0.9517,0.0000,340.0891,begin
206,4,94,wrist,0.2090,0.7934,-0.9517,0.0000,345.0763,begin
206,4,94,wrist,0.2090,0.7932,-0.9517,0.0000,350.0627,begin
206,4,94,wrist,0.2090,0.7932,-0.9517,0.0000,355.0499,begin
206,4,94,wrist,0.2090,0.7932,-0.9517,0.0000,360.0359,begin
206,4,94,wrist,0.2090,0.7932,-0.9517,0.0000,365.023,begin
206,4,94,wrist,0.2090,0.7932,-0.9517,0.0000,370.0096,begin
206,4,94,wrist,0.2090,0.7932,-0.9517,0.0000,374.9963,begin
206,4,94,wrist,0.2090,0.7932,-0.9517,0.0000,379.9827,begin
206,4,94,wrist,0.2088,0.7943,-0.9517,0.0000,384.9692,begin
206,4,94,wrist,0.2088,0.7943,-0.9517,0.0000,389.956,begin
206,4,94,wrist,0.2088,0.7943,-0.9517,0.0000,394.9429,begin
206,4,94,wrist,0.2090,0.7932,-0.9517,0.0000,399.9294,begin
206,4,94,wrist,0.2090,0.7932,-0.9517,0.0000,404.9158,begin
206,4,94,wrist,0.2088,0.7939,-0.9517,0.0000,409.9027,begin
206,4,94,wrist,0.2088,0.7943,-0.9517,0.0000,414.889,begin
206,4,94,wrist,0.2088,0.7943,-0.9517,0.0000,419.8763,begin
206,4,94,wrist,0.2088,0.7936,-0.9517,0.0000,424.8625,begin
206,4,94,wrist,0.2088,0.7936,-0.9517,0.0000,429.8492,begin
206,4,94,wrist,0.2088,0.7936,-0.9517,0.0000,434.8359,begin
206,4,94,wrist,0.2085,0.7941,-0.9515,0.0000,439.8221,begin
206,4,94,wrist,0.2085,0.7940,-0.9515,0.0000,444.8091,begin
206,4,94,wrist,0.2087,0.7936,-0.9515,0.0000,449.7959,begin
206,4,94,wrist,0.2087,0.7936,-0.9515,0.0000,454.7828,begin
206,4,94,wrist,0.2087,0.7936,-0.9515,0.0000,459.769,begin
206,4,94,wrist,0.2088,0.7944,-0.9517,0.0000,464.7561,begin
206,4,94,wrist,0.2087,0.7944,-0.9517,0.0000,469.7429,begin
206,4,94,wrist,0.2089,0.7933,-0.9518,0.0000,474.7296,begin
206,4,94,wrist,0.2089,0.7932,-0.9518,0.0000,479.7155,begin
206,4,94,wrist,0.2089,0.7932,-0.9518,0.0000,484.7024,begin
206,4,94,wrist,0.2087,0.7939,-0.9518,0.0000,489.6895,begin
206,4,94,wrist,0.2087,0.7945,-0.9517,0.0000,494.6756,begin
206,4,94,wrist,0.2087,0.7945,-0.9517,0.0000,499.3795,begin
206,4,94,wrist,0.2089,0.7941,-0.9520,0.0000,504.3662,begin
206,4,94,wrist,0.2089,0.7941,-0.9520,0.0000,509.3532,begin
206,4,94,wrist,0.2086,0.7938,-0.9518,0.0000,514.3395,begin
206,4,94,wrist,0.2084,0.7948,-0.9518,0.0000,519.3267,begin
206,4,94,wrist,0.2083,0.7948,-0.9519,0.0000,524.3135,begin
206,4,94,wrist,0.2084,0.7944,-0.9521,0.0000,529.2994,begin
206,4,94,wrist,0.2070,0.7926,-0.9517,0.0000,534.2863,begin
206,4,94,wrist,0.2069,0.7929,-0.9518,0.0000,539.2728,begin
206,4,94,wrist,0.2070,0.7943,-0.9517,0.0000,544.2595,begin
206,4,94,wrist,0.2068,0.7948,-0.9518,0.0000,549.2462,begin
206,4,94,wrist,0.2068,0.7948,-0.9518,0.0000,554.2335,begin
206,4,94,wrist,0.2065,0.7947,-0.9521,0.0000,559.2193,begin
206,4,94,wrist,0.2064,0.7950,-0.9522,0.0000,564.2068,begin
206,4,94,wrist,0.2061,0.7959,-0.9523,0.0000,569.193,begin
206,4,94,wrist,0.2057,0.7971,-0.9525,0.0000,574.1797,begin
206,4,94,wrist,0.2057,0.7970,-0.9527,0.0000,579.1664,begin
206,4,94,wrist,0.2056,0.7972,-0.9528,0.0000,584.1527,begin
206,4,94,wrist,0.2052,0.7980,-0.9528,0.0000,589.1393,begin
206,4,94,wrist,0.2048,0.7988,-0.9530,0.0000,594.126,begin
206,4,94,wrist,0.2043,0.8000,-0.9532,0.0000,598.4199,begin
206,4,94,wrist,0.2036,0.8013,-0.9534,0.0000,603.4069,begin
206,4,94,wrist,0.2033,0.8012,-0.9538,0.0000,608.3936,begin
206,4,94,wrist,0.2028,0.8024,-0.9538,0.0000,613.3801,begin
206,4,94,wrist,0.2025,0.8031,-0.9540,0.0000,618.3666,begin
206,4,94,wrist,0.2021,0.8051,-0.9542,0.0000,623.3532,begin
206,4,94,wrist,0.2008,0.8068,-0.9546,0.0000,628.34,begin
206,4,94,wrist,0.2006,0.8072,-0.9548,0.0000,633.3266,begin
206,4,94,wrist,0.1999,0.8080,-0.9551,0.0000,638.3131,begin
206,4,94,wrist,0.1990,0.8092,-0.9552,0.0000,643.3003,begin
206,4,94,wrist,0.1982,0.8108,-0.9554,0.0000,648.2864,begin
206,4,94,wrist,0.1974,0.8122,-0.9555,0.0000,653.2737,begin
206,4,94,wrist,0.1959,0.8141,-0.9559,0.0000,658.2602,begin
206,4,94,wrist,0.1951,0.8145,-0.9562,0.0000,663.2464,begin
206,4,94,wrist,0.1944,0.8157,-0.9564,0.0000,668.2331,begin
206,4,94,wrist,0.1935,0.8173,-0.9565,0.0000,673.2197,begin
206,4,94,wrist,0.1926,0.8191,-0.9567,0.0000,678.207,begin
206,4,94,wrist,0.1908,0.8213,-0.9571,0.0000,683.1935,begin
206,4,94,wrist,0.1900,0.8217,-0.9573,0.0000,688.1799,begin
206,4,94,wrist,0.1890,0.8229,-0.9574,0.0000,693.1662,begin
206,4,94,wrist,0.1879,0.8243,-0.9574,0.0000,698.153,begin
206,4,94,wrist,0.1870,0.8263,-0.9574,0.0000,703.14,begin
206,4,94,wrist,0.1846,0.8286,-0.9573,0.0000,708.1274,begin
206,4,94,wrist,0.1838,0.8289,-0.9572,0.0000,713.1127,begin
206,4,94,wrist,0.1823,0.8303,-0.9571,0.0000,718.0998,begin
206,4,94,wrist,0.1812,0.8316,-0.9571,0.0000,723.0865,begin
206,4,94,wrist,0.1789,0.8352,-0.9569,0.0000,729.07,begin
206,4,94,wrist,0.1778,0.8367,-0.9567,0.0000,734.0573,begin
206,4,94,wrist,0.1766,0.8377,-0.9563,0.0000,739.0434,begin
206,4,94,wrist,0.1758,0.8388,-0.9561,0.0000,744.0302,begin
206,4,94,wrist,0.1748,0.8405,-0.9558,0.0000,749.0165,begin
206,4,94,wrist,0.1722,0.8443,-0.9550,0.0000,754.0039,begin
206,4,94,wrist,0.1711,0.8460,-0.9545,0.0000,758.9903,begin
206,4,94,wrist,0.1702,0.8477,-0.9540,0.0000,763.9774,begin
206,4,94,wrist,0.1693,0.8482,-0.9535,0.0000,768.9631,begin
206,4,94,wrist,0.1682,0.8502,-0.9529,0.0000,773.9504,begin
206,4,94,wrist,0.1674,0.8521,-0.9521,0.0000,778.9368,begin
206,4,94,wrist,0.1651,0.8560,-0.9507,0.0000,783.9234,begin
206,4,94,wrist,0.1641,0.8577,-0.9497,0.0000,788.9099,begin
206,4,94,wrist,0.1632,0.8589,-0.9486,0.0000,793.8967,begin
206,4,94,wrist,0.1623,0.8600,-0.9478,0.0000,798.8838,begin
206,4,94,wrist,0.1600,0.8638,-0.9458,0.0000,803.8705,begin
206,4,94,wrist,0.1587,0.8658,-0.9448,0.0000,808.8572,begin
206,4,94,wrist,0.1575,0.8675,-0.9435,0.0000,813.8434,begin
206,4,94,wrist,0.1563,0.8689,-0.9422,0.0000,818.8301,begin
206,4,94,wrist,0.1552,0.8699,-0.9410,0.0000,823.8171,begin
206,4,94,wrist,0.1529,0.8733,-0.9384,0.0000,828.8034,begin
206,4,94,wrist,0.1515,0.8753,-0.9372,0.0000,833.7903,begin
206,4,94,wrist,0.1505,0.8768,-0.9359,0.0000,838.7766,begin
206,4,94,wrist,0.1492,0.8783,-0.9343,0.0000,843.7633,out
206,4,94,wrist,0.1479,0.8791,-0.9329,0.0000,848.7502,out
206,4,94,wrist,0.1467,0.8802,-0.9313,0.0000,853.737,out
206,4,94,wrist,0.1442,0.8836,-0.9283,0.0000,858.7234,out
206,4,94,wrist,0.1429,0.8852,-0.9266,0.0000,863.7101,out
206,4,94,wrist,0.1415,0.8863,-0.9248,0.0000,868.6966,out
206,4,94,wrist,0.1402,0.8869,-0.9228,0.0000,873.6836,out
206,4,94,wrist,0.1375,0.8888,-0.9191,0.0000,878.6707,out
206,4,94,wrist,0.1362,0.8903,-0.9173,0.0000,883.6567,out
206,4,94,wrist,0.1347,0.8917,-0.9153,0.0000,888.6435,out
206,4,94,wrist,0.1335,0.8927,-0.9132,0.0000,893.6301,out
206,4,94,wrist,0.1319,0.8932,-0.9108,0.0000,898.6168,out
206,4,94,wrist,0.1290,0.8942,-0.9064,0.0000,903.6034,out
206,4,94,wrist,0.1277,0.8947,-0.9040,0.0000,908.5913,out
206,4,94,wrist,0.1260,0.8965,-0.9018,0.0000,913.577,out
206,4,94,wrist,0.1245,0.8972,-0.8993,0.0000,918.5633,out
206,4,94,wrist,0.1229,0.8978,-0.8969,0.0000,923.5508,out
206,4,94,wrist,0.1199,0.8982,-0.8915,0.0000,928.5375,out
206,4,94,wrist,0.1182,0.8985,-0.8890,0.0000,933.5232,out
206,4,94,wrist,0.1165,0.8997,-0.8865,0.0000,938.5098,out
206,4,94,wrist,0.1147,0.9003,-0.8837,0.0000,943.4973,out
206,4,94,wrist,0.1131,0.9008,-0.8810,0.0000,948.4836,out
206,4,94,wrist,0.1112,0.9006,-0.8779,0.0000,953.4718,out
206,4,94,wrist,0.1078,0.9007,-0.8724,0.0000,958.4566,out
206,4,94,wrist,0.1061,0.9010,-0.8698,0.0000,963.444,out
206,4,94,wrist,0.1043,0.9019,-0.8667,0.0000,968.4299,out
206,4,94,wrist,0.1027,0.9021,-0.8638,0.0000,973.4162,out
206,4,94,wrist,0.1008,0.9019,-0.8605,0.0000,978.4043,out
206,4,94,wrist,0.0977,0.9014,-0.8544,0.0000,983.3898,out
206,4,94,wrist,0.0959,0.9017,-0.8513,0.0000,988.3766,out
206,4,94,wrist,0.0940,0.9023,-0.8481,0.0000,993.3632,out
206,4,94,wrist,0.0924,0.9022,-0.8448,0.0000,998.3503,out
206,4,94,wrist,0.0908,0.9021,-0.8415,0.0000,1002.8487,out
206,4,94,wrist,0.0873,0.9013,-0.8346,0.0000,1007.8347,out
206,4,94,wrist,0.0858,0.9012,-0.8312,0.0000,1012.8213,out
206,4,94,wrist,0.0843,0.9018,-0.8280,0.0000,1017.8076,out
206,4,94,wrist,0.0826,0.9017,-0.8244,0.0000,1022.7946,out
206,4,94,wrist,0.0811,0.9016,-0.8209,0.0000,1027.7819,out
206,4,94,wrist,0.0796,0.9010,-0.8171,0.0000,1032.7682,out
206,4,94,wrist,0.0768,0.9003,-0.8103,0.0000,1037.7545,out
206,4,94,wrist,0.0753,0.9005,-0.8072,0.0000,1042.7422,out
206,4,94,wrist,0.0737,0.9006,-0.8035,0.0000,1047.7277,out
206,4,94,wrist,0.0723,0.9004,-0.8002,0.0000,1052.7147,out
206,4,94,wrist,0.0693,0.8991,-0.7931,0.0000,1057.701,out
206,4,94,wrist,0.0678,0.8989,-0.7898,0.0000,1062.6876,out
206,4,94,wrist,0.0678,0.8989,-0.7898,0.0000,1067.6754,out
206,4,94,wrist,0.0650,0.8993,-0.7835,0.0000,1072.6613,out
206,4,94,wrist,0.0631,0.8987,-0.7799,0.0000,1077.6487,out
206,4,94,wrist,0.0595,0.8966,-0.7730,0.0000,1082.6347,out
206,4,94,wrist,0.0595,0.8966,-0.7730,0.0000,1087.6218,out
206,4,94,wrist,0.0584,0.8962,-0.7698,0.0000,1092.608,out
206,4,94,wrist,0.0552,0.8964,-0.7634,0.0000,1097.595,out
206,4,94,wrist,0.0538,0.8961,-0.7602,0.0000,1101.9476,out
206,4,94,wrist,0.0526,0.8956,-0.7570,0.0000,1106.9341,out
206,4,94,wrist,0.0498,0.8939,-0.7506,0.0000,1111.921,out
206,4,94,wrist,0.0490,0.8933,-0.7474,0.0000,1116.9073,out
206,4,94,wrist,0.0476,0.8935,-0.7446,0.0000,1121.8938,out
206,4,94,wrist,0.0464,0.8932,-0.7411,0.0000,1126.8806,out
206,4,94,wrist,0.0451,0.8926,-0.7382,0.0000,1131.868,out
206,4,94,wrist,0.0430,0.8910,-0.7321,0.0000,1136.854,out
206,4,94,wrist,0.0420,0.8902,-0.7293,0.0000,1141.8411,out
206,4,94,wrist,0.0410,0.8898,-0.7265,0.0000,1146.8272,out
206,4,94,wrist,0.0396,0.8900,-0.7236,0.0000,1152.8114,out
206,4,94,wrist,0.0373,0.8888,-0.7183,0.0000,1157.7985,out
206,4,94,wrist,0.0363,0.8876,-0.7156,0.0000,1162.7848,out
206,4,94,wrist,0.0356,0.8869,-0.7132,0.0000,1167.7713,out
206,4,94,wrist,0.0344,0.8865,-0.7107,0.0000,1172.7578,out
206,4,94,wrist,0.0332,0.8867,-0.7085,0.0000,1177.7446,out
206,4,94,wrist,0.0321,0.8861,-0.7060,0.0000,1182.7309,out
206,4,94,wrist,0.0313,0.8857,-0.7039,0.0000,1187.7186,out
206,4,94,wrist,0.0299,0.8840,-0.6994,0.0000,1192.7042,out
206,4,94,wrist,0.0290,0.8835,-0.6973,0.0000,1197.6912,out
206,4,94,wrist,0.0284,0.8834,-0.6954,0.0000,1202.6777,out
206,4,94,wrist,0.0271,0.8834,-0.6932,0.0000,1207.6649,out
206,4,94,wrist,0.0260,0.8824,-0.6890,0.0000,1212.6513,out
206,4,94,wrist,0.0258,0.8815,-0.6873,0.0000,1217.6377,out
206,4,94,wrist,0.0252,0.8808,-0.6854,0.0000,1222.6244,out
206,4,94,wrist,0.0247,0.8804,-0.6834,0.0000,1227.6114,out
206,4,94,wrist,0.0237,0.8811,-0.6817,0.0000,1232.5986,out
206,4,94,wrist,0.0225,0.8801,-0.6783,0.0000,1237.5846,out
206,4,94,wrist,0.0221,0.8790,-0.6764,0.0000,1242.5718,out
206,4,94,wrist,0.0217,0.8785,-0.6749,0.0000,1247.5578,lift
206,4,94,wrist,0.0212,0.8782,-0.6733,0.0000,1252.5445,lift
206,4,94,wrist,0.0196,0.8781,-0.6704,0.0000,1257.5317,lift
206,4,94,wrist,0.0191,0.8778,-0.6689,0.0000,1262.5178,lift
206,4,94,wrist,0.0188,0.8767,-0.6673,0.0000,1267.5045,lift
206,4,94,wrist,0.0187,0.8763,-0.6660,0.0000,1272.4911,lift
206,4,94,wrist,0.0181,0.8759,-0.6648,0.0000,1277.4781,lift
206,4,94,wrist,0.0168,0.8762,-0.6623,0.0000,1282.4646,lift
206,4,94,wrist,0.0168,0.8762,-0.6623,0.0000,1287.4528,lift
206,4,94,wrist,0.0161,0.8753,-0.6601,0.0000,1292.4379,lift
206,4,94,wrist,0.0158,0.8745,-0.6590,0.0000,1297.4247,lift
206,4,94,wrist,0.0154,0.8742,-0.6580,0.0000,1302.031,lift
206,4,94,wrist,0.0149,0.8741,-0.6569,0.0000,1307.0192,lift
206,4,94,wrist,0.0143,0.8745,-0.6560,0.0000,1312.0051,lift
206,4,94,wrist,0.0133,0.8738,-0.6540,0.0000,1316.9913,lift
206,4,94,wrist,0.0131,0.8730,-0.6530,0.0000,1321.9776,lift
206,4,94,wrist,0.0126,0.8726,-0.6522,0.0000,1326.9644,lift
206,4,94,wrist,0.0123,0.8722,-0.6514,0.0000,1331.9524,lift
206,4,94,wrist,0.0108,0.8724,-0.6498,0.0000,1336.9379,lift
206,4,94,wrist,0.0102,0.8721,-0.6490,0.0000,1341.9248,lift
206,4,94,wrist,0.0095,0.8713,-0.6483,0.0000,1346.911,lift
206,4,94,wrist,0.0092,0.8708,-0.6476,0.0000,1351.8978,lift
206,4,94,wrist,0.0084,0.8703,-0.6470,0.0000,1356.8851,lift
206,4,94,wrist,0.0060,0.8706,-0.6458,0.0000,1361.8711,lift
206,4,94,wrist,0.0060,0.8706,-0.6458,0.0000,1366.8578,lift
206,4,94,wrist,0.0042,0.8700,-0.6447,0.0000,1371.8443,lift
206,4,94,wrist,0.0038,0.8693,-0.6444,0.0000,1376.8317,lift
206,4,94,wrist,0.0031,0.8691,-0.6440,0.0000,1381.8181,lift
206,4,94,wrist,0.0025,0.8689,-0.6436,0.0000,1386.8048,lift
206,4,94,wrist,0.0004,0.8707,-0.6451,0.0000,1391.7911,lift
206,4,94,wrist,0.0000,0.8706,-0.6447,0.0000,1396.778,lift
206,4,94,wrist,0.0004,0.8691,-0.6420,0.0000,1402.1134,lift
206,4,94,wrist,0.0001,0.8690,-0.6417,0.0000,1407.1034,lift
206,4,94,wrist,0.0000,0.8690,-0.6414,0.0000,1412.0891,lift
206,4,94,wrist,-0.0011,0.8708,-0.6434,0.0000,1417.0751,lift
206,4,94,wrist,-0.0010,0.8709,-0.6432,0.0000,1422.0621,lift
206,4,94,wrist,0.0001,0.8700,-0.6405,0.0000,1427.0488,lift
206,4,94,wrist,0.0006,0.8697,-0.6403,0.0000,1432.036,lift
206,4,94,wrist,0.0006,0.8701,-0.6400,0.0000,1437.0222,lift
206,4,94,wrist,0.0003,0.8709,-0.6397,0.0000,1442.0095,lift
206,4,94,wrist,0.0003,0.8710,-0.6396,0.0000,1446.9954,lift
206,4,94,wrist,0.0004,0.8710,-0.6394,0.0000,1451.9823,lift
206,4,94,wrist,0.0009,0.8702,-0.6393,0.0000,1456.9695,lift
206,4,94,wrist,0.0010,0.8703,-0.6389,0.0000,1461.9555,lift
206,4,94,wrist,0.0004,0.8712,-0.6388,0.0000,1466.9423,lift
206,4,94,wrist,0.0005,0.8713,-0.6387,0.0000,1471.9289,lift
206,4,94,wrist,0.0006,0.8713,-0.6385,0.0000,1476.9154,lift
206,4,94,wrist,0.0009,0.8701,-0.6371,0.0000,1481.9024,lift
206,4,94,wrist,0.0013,0.8708,-0.6382,0.0000,1486.8892,lift
206,4,94,wrist,0.0015,0.8713,-0.6379,0.0000,1491.8755,lift
206,4,94,wrist,0.0015,0.8713,-0.6379,0.0000,1496.8628,lift
206,4,94,wrist,0.0022,0.8716,-0.6376,0.0000,1501.8486,lift
206,4,94,wrist,0.0030,0.8710,-0.6368,0.0000,1506.8358,lift
206,4,94,wrist,0.0038,0.8713,-0.6375,0.0000,1511.8225,lift
206,4,94,wrist,0.0040,0.8714,-0.6375,0.0000,1516.8088,lift
206,4,94,wrist,0.0042,0.8719,-0.6374,0.0000,1521.7952,lift
206,4,94,wrist,0.0045,0.8721,-0.6374,0.0000,1526.7819,lift
206,4,94,wrist,0.0049,0.8722,-0.6375,0.0000,1531.7688,lift
206,4,94,wrist,0.0057,0.8713,-0.6368,0.0000,1536.7556,lift
206,4,94,wrist,0.0057,0.8713,-0.6368,0.0000,1541.7424,lift
206,4,94,wrist,0.0060,0.8729,-0.6380,0.0000,1546.7286,lift
206,4,94,wrist,0.0063,0.8732,-0.6383,0.0000,1551.7152,lift
206,4,94,wrist,0.0067,0.8733,-0.6384,0.0000,1556.7025,lift
206,4,94,wrist,0.0075,0.8728,-0.6387,0.0000,1561.6881,lift
206,4,94,wrist,0.0080,0.8728,-0.6389,0.0000,1566.6757,lift
206,4,94,wrist,0.0085,0.8735,-0.6393,0.0000,1571.662,lift
206,4,94,wrist,0.0089,0.8740,-0.6397,0.0000,1576.6489,lift
206,4,94,wrist,0.0097,0.8743,-0.6400,0.0000,1582.6329,lift
206,4,94,wrist,0.0097,0.8743,-0.6400,0.0000,1587.6195,lift
206,4,94,wrist,0.0107,0.8745,-0.6405,0.0000,1592.6066,lift
206,4,94,wrist,0.0107,0.8751,-0.6408,0.0000,1597.5935,lift
206,4,94,wrist,0.0109,0.8760,-0.6412,0.0000,1602.5795,lift
206,4,94,wrist,0.0115,0.8768,-0.6420,0.0000,1607.5666,lift
206,4,94,wrist,0.0120,0.8763,-0.6425,0.0000,1612.5529,lift
206,4,94,wrist,0.0121,0.8770,-0.6430,0.0000,1617.5389,lift
206,4,94,wrist,0.0124,0.8775,-0.6434,0.0000,1622.5265,lift
206,4,94,wrist,0.0123,0.8788,-0.6439,0.0000,1627.5122,lift
206,4,94,wrist,0.0124,0.8794,-0.6444,0.0000,1632.4994,lift
206,4,94,wrist,0.0132,0.8802,-0.6451,0.0000,1637.4857,lift
206,4,94,wrist,0.0135,0.8807,-0.6456,0.0000,1642.4735,lift
206,4,94,wrist,0.0136,0.8813,-0.6461,0.0000,1647.4592,lift
206,4,94,wrist,0.0136,0.8827,-0.6467,0.0000,1652.446,lift
206,4,94,wrist,0.0139,0.8847,-0.6477,0.0000,1657.4332,lift
206,4,94,wrist,0.0143,0.8851,-0.6483,0.0000,1662.4195,lift
206,4,94,wrist,0.0147,0.8855,-0.6487,0.0000,1667.4059,lift
206,4,94,wrist,0.0148,0.8867,-0.6491,0.0000,1672.3925,lift
206,4,94,wrist,0.0149,0.8878,-0.6496,0.0000,1677.3789,lift
206,4,94,wrist,0.0148,0.8895,-0.6501,0.0000,1682.3658,lift
206,4,94,wrist,0.0149,0.8906,-0.6507,0.0000,1687.3525,lift
206,4,94,wrist,0.0157,0.8919,-0.6515,0.0000,1692.3393,lift
206,4,94,wrist,0.0157,0.8919,-0.6515,0.0000,1697.3263,lift
206,4,94,wrist,0.0161,0.8943,-0.6525,0.0000,1702.0259,lift
206,4,94,wrist,0.0162,0.8960,-0.6530,0.0000,1706.9999,lift
206,4,94,wrist,0.0164,0.8986,-0.6539,0.0000,1711.9866,lift
206,4,94,wrist,0.0168,0.8994,-0.6543,0.0000,1716.9726,lift
206,4,94,wrist,0.0168,0.8994,-0.6543,0.0000,1721.9603,lift
206,4,94,wrist,0.0173,0.9015,-0.6552,0.0000,1726.9462,lift
206,4,94,wrist,0.0169,0.9032,-0.6556,0.0000,1731.933,lift
206,4,94,wrist,0.0173,0.9063,-0.6566,0.0000,1736.9196,lift
206,4,94,wrist,0.0173,0.9074,-0.6571,0.0000,1741.9066,lift
206,4,94,wrist,0.0176,0.9079,-0.6575,0.0000,1746.8928,lift
206,4,94,wrist,0.0176,0.9094,-0.6579,0.0000,1751.8795,lift
206,4,94,wrist,0.0175,0.9109,-0.6583,0.0000,1756.8666,lift
206,4,94,wrist,0.0171,0.9141,-0.6594,0.0000,1761.8531,lift
206,4,94,wrist,0.0173,0.9154,-0.6598,0.0000,1766.8396,lift
206,4,94,wrist,0.0177,0.9161,-0.6600,0.0000,1771.8258,lift
206,4,94,wrist,0.0178,0.9174,-0.6605,0.0000,1776.8131,lift
206,4,94,wrist,0.0177,0.9188,-0.6611,0.0000,1781.7996,lift
206,4,94,wrist,0.0173,0.9209,-0.6615,0.0000,1786.7864,lift
206,4,94,wrist,0.0173,0.9240,-0.6625,0.0000,1791.7726,lift
206,4,94,wrist,0.0174,0.9246,-0.6627,0.0000,1796.7596,lift
206,4,94,wrist,0.0175,0.9258,-0.6631,0.0000,1801.7459,replace
206,4,94,wrist,0.0176,0.9271,-0.6635,0.0000,1806.5271,replace
206,4,94,wrist,0.0172,0.9292,-0.6640,0.0000,1811.5144,replace
206,4,94,wrist,0.0171,0.9306,-0.6644,0.0000,1816.5016,replace
206,4,94,wrist,0.0171,0.9329,-0.6652,0.0000,1821.4874,replace
206,4,94,wrist,0.0174,0.9339,-0.6656,0.0000,1826.4746,replace
206,4,94,wrist,0.0172,0.9355,-0.6660,0.0000,1831.4607,replace
206,4,94,wrist,0.0169,0.9369,-0.6664,0.0000,1836.4482,replace
206,4,94,wrist,0.0166,0.9389,-0.6670,0.0000,1841.4349,replace
206,4,94,wrist,0.0169,0.9414,-0.6677,0.0000,1846.4211,replace
206,4,94,wrist,0.0168,0.9419,-0.6678,0.0000,1851.4082,replace
206,4,94,wrist,0.0168,0.9430,-0.6682,0.0000,1856.3937,replace
206,4,94,wrist,0.0167,0.9445,-0.6687,0.0000,1861.3819,replace
206,4,94,wrist,0.0161,0.9479,-0.6695,0.0000,1866.3677,replace
206,4,94,wrist,0.0159,0.9490,-0.6699,0.0000,1871.3538,replace
206,4,94,wrist,0.0163,0.9496,-0.6700,0.0000,1876.3413,replace
206,4,94,wrist,0.0163,0.9508,-0.6702,0.0000,1881.3272,replace
206,4,94,wrist,0.0163,0.9517,-0.6705,0.0000,1886.3155,replace
206,4,94,wrist,0.0159,0.9548,-0.6714,0.0000,1891.301,replace
206,4,94,wrist,0.0159,0.9548,-0.6714,0.0000,1896.2887,replace
206,4,94,wrist,0.0158,0.9568,-0.6720,0.0000,1901.274,replace
206,4,94,wrist,0.0158,0.9568,-0.6720,0.0000,1906.2612,replace
206,4,94,wrist,0.0160,0.9584,-0.6725,0.0000,1911.2487,replace
206,4,94,wrist,0.0156,0.9613,-0.6733,0.0000,1916.2339,replace
206,4,94,wrist,0.0154,0.9624,-0.6736,0.0000,1921.2205,replace
206,4,94,wrist,0.0155,0.9634,-0.6739,0.0000,1926.2072,replace
206,4,94,wrist,0.0160,0.9635,-0.6738,0.0000,1931.194,replace
206,4,94,wrist,0.0160,0.9646,-0.6741,0.0000,1936.1811,replace
206,4,94,wrist,0.0161,0.9656,-0.6744,0.0000,1941.1677,replace
206,4,94,wrist,0.0156,0.9681,-0.6751,0.0000,1946.1541,replace
206,4,94,wrist,0.0156,0.9681,-0.6751,0.0000,1950.1435,replace
206,4,94,wrist,0.0161,0.9692,-0.6755,0.0000,1955.1297,replace
206,4,94,wrist,0.0161,0.9700,-0.6757,0.0000,1960.1164,replace
206,4,94,wrist,0.0162,0.9707,-0.6759,0.0000,1965.103,replace
206,4,94,wrist,0.0157,0.9730,-0.6765,0.0000,1970.09,replace
206,4,94,wrist,0.0157,0.9730,-0.6765,0.0000,1975.0778,replace
206,4,94,wrist,0.0160,0.9743,-0.6770,0.0000,1980.063,replace
206,4,94,wrist,0.0163,0.9743,-0.6770,0.0000,1985.0498,replace
206,4,94,wrist,0.0161,0.9751,-0.6771,0.0000,1990.0366,replace
206,4,94,wrist,0.0162,0.9759,-0.6774,0.0000,1995.0239,replace
206,4,94,wrist,0.0159,0.9779,-0.6781,0.0000,2000.0096,replace
206,4,94,wrist,0.0158,0.9785,-0.6782,0.0000,2004.9962,replace
206,4,94,wrist,0.0164,0.9784,-0.6781,0.0000,2009.983,replace
206,4,94,wrist,0.0164,0.9790,-0.6782,0.0000,2014.9698,replace
206,4,94,wrist,0.0163,0.9808,-0.6787,0.0000,2019.9567,replace
206,4,94,wrist,0.0162,0.9816,-0.6789,0.0000,2024.9431,replace
206,4,94,wrist,0.0162,0.9822,-0.6790,0.0000,2029.93,replace
206,4,94,wrist,0.0164,0.9822,-0.6790,0.0000,2034.9162,replace
206,4,94,wrist,0.0166,0.9823,-0.6791,0.0000,2039.9031,replace
206,4,94,wrist,0.0168,0.9827,-0.6792,0.0000,2044.8901,replace
206,4,94,wrist,0.0164,0.9844,-0.6797,0.0000,2049.8764,replace
206,4,94,wrist,0.0165,0.9848,-0.6798,0.0000,2054.8632,replace
206,4,94,wrist,0.0167,0.9852,-0.6799,0.0000,2059.8495,replace
206,4,94,wrist,0.0170,0.9849,-0.6798,0.0000,2064.8361,replace
206,4,94,wrist,0.0171,0.9858,-0.6801,0.0000,2069.8232,replace
206,4,94,wrist,0.0171,0.9858,-0.6801,0.0000,2074.8104,replace
206,4,94,wrist,0.0172,0.9872,-0.6805,0.0000,2079.7962,replace
206,4,94,wrist,0.0172,0.9875,-0.6806,0.0000,2084.7833,replace
206,4,94,wrist,0.0175,0.9871,-0.6806,0.0000,2089.7695,replace
206,4,94,wrist,0.0176,0.9872,-0.6806,0.0000,2094.7566,replace
206,4,94,wrist,0.0174,0.9883,-0.6810,0.0000,2099.7426,replace
206,4,94,wrist,0.0174,0.9887,-0.6811,0.0000,2104.7296,replace
206,4,94,wrist,0.0175,0.9889,-0.6812,0.0000,2109.6645,replace
206,4,94,wrist,0.0178,0.9885,-0.6811,0.0000,2114.6518,replace
206,4,94,wrist,0.0180,0.9884,-0.6810,0.0000,2119.6388,replace
206,4,94,wrist,0.0178,0.9892,-0.6814,0.0000,2124.6247,replace
206,4,94,wrist,0.0178,0.9892,-0.6814,0.0000,2129.6116,replace
206,4,94,wrist,0.0177,0.9898,-0.6817,0.0000,2134.5981,replace
206,4,94,wrist,0.0179,0.9896,-0.6816,0.0000,2139.5851,replace
206,4,94,wrist,0.0180,0.9895,-0.6814,0.0000,2144.5718,replace
206,4,94,wrist,0.0184,0.9895,-0.6815,0.0000,2149.5581,replace
206,4,94,wrist,0.0179,0.9903,-0.6819,0.0000,2154.5449,replace
206,4,94,wrist,0.0180,0.9903,-0.6819,0.0000,2159.5312,replace
206,4,94,wrist,0.0181,0.9903,-0.6820,0.0000,2164.5181,replace
206,4,94,wrist,0.0186,0.9899,-0.6817,0.0000,2169.5056,replace
206,4,94,wrist,0.0187,0.9899,-0.6817,0.0000,2174.4918,replace
206,4,94,wrist,0.0184,0.9903,-0.6820,0.0000,2179.478,replace
206,4,94,wrist,0.0184,0.9904,-0.6821,0.0000,2184.4651,replace
206,4,94,wrist,0.0184,0.9904,-0.6821,0.0000,2189.4511,replace
206,4,94,wrist,0.0190,0.9898,-0.6818,0.0000,2194.4377,replace
206,4,94,wrist,0.0193,0.9896,-0.6818,0.0000,2199.4248,replace
206,4,94,wrist,0.0193,0.9896,-0.6818,0.0000,2204.4115,replace
206,4,94,wrist,0.0193,0.9896,-0.6818,0.0000,2209.3986,replace
206,4,94,wrist,0.0189,0.9899,-0.6818,0.0000,2214.3841,replace
206,4,94,wrist,0.0191,0.9898,-0.6819,0.0000,2219.3713,replace
206,4,94,wrist,0.0198,0.9890,-0.6816,0.0000,2224.3585,replace
206,4,94,wrist,0.0195,0.9887,-0.6816,0.0000,2229.3454,replace
206,4,94,wrist,0.0189,0.9893,-0.6819,0.0000,2234.3313,replace
206,4,94,wrist,0.0190,0.9892,-0.6818,0.0000,2239.3176,replace
206,4,94,wrist,0.0190,0.9890,-0.6818,0.0000,2244.3046,replace
206,4,94,wrist,0.0196,0.9879,-0.6814,0.0000,2249.292,replace
206,4,94,wrist,0.0197,0.9877,-0.6814,0.0000,2254.2781,replace
206,4,94,wrist,0.0195,0.9881,-0.6816,0.0000,2259.2644,replace
206,4,94,wrist,0.0194,0.9880,-0.6816,0.0000,2264.2513,replace
206,4,94,wrist,0.0195,0.9877,-0.6815,0.0000,2269.2381,replace
206,4,94,wrist,0.0198,0.9869,-0.6813,0.0000,2274.2256,replace
206,4,94,wrist,0.0198,0.9862,-0.6811,0.0000,2279.2118,replace
206,4,94,wrist,0.0198,0.9862,-0.6811,0.0000,2284.1976,replace
206,4,94,wrist,0.0197,0.9865,-0.6811,0.0000,2289.1846,replace
206,4,94,wrist,0.0197,0.9862,-0.6810,0.0000,2294.1714,replace
206,4,94,wrist,0.0199,0.9845,-0.6806,0.0000,2299.1581,replace
206,4,94,wrist,0.0199,0.9843,-0.6806,0.0000,2304.1442,replace
206,4,94,wrist,0.0199,0.9839,-0.6805,0.0000,2308.9955,replace
206,4,94,wrist,0.0193,0.9845,-0.6806,0.0000,2313.9809,replace
206,4,94,wrist,0.0192,0.9841,-0.6805,0.0000,2318.9679,replace
206,4,94,wrist,0.0192,0.9836,-0.6804,0.0000,2323.9543,replace
206,4,94,wrist,0.0195,0.9825,-0.6802,0.0000,2328.941,replace
206,4,94,wrist,0.0193,0.9818,-0.6800,0.0000,2333.9277,replace
206,4,94,wrist,0.0191,0.9817,-0.6800,0.0000,2338.9144,replace
206,4,94,wrist,0.0190,0.9815,-0.6798,0.0000,2343.9015,replace
206,4,94,wrist,0.0190,0.9811,-0.6797,0.0000,2348.8878,replace
206,4,94,wrist,0.0189,0.9803,-0.6795,0.0000,2353.8747,replace
206,4,94,wrist,0.0191,0.9788,-0.6791,0.0000,2358.8613,replace
206,4,94,wrist,0.0188,0.9788,-0.6790,0.0000,2363.8483,replace
206,4,94,wrist,0.0184,0.9790,-0.6792,0.0000,2368.8343,replace
206,4,94,wrist,0.0184,0.9784,-0.6790,0.0000,2373.8215,replace
206,4,94,wrist,0.0189,0.9769,-0.6785,0.0000,2378.8084,replace
206,4,94,wrist,0.0188,0.9765,-0.6784,0.0000,2383.7941,replace
206,4,94,wrist,0.0188,0.9761,-0.6782,0.0000,2388.7811,replace
206,4,94,wrist,0.0184,0.9761,-0.6783,0.0000,2393.7675,replace
206,4,94,wrist,0.0184,0.9758,-0.6782,0.0000,2398.754,replace
206,4,94,wrist,0.0186,0.9740,-0.6776,0.0000,2403.7409,replace
206,4,94,wrist,0.0186,0.9740,-0.6776,0.0000,2408.5813,replace
206,4,94,wrist,0.0186,0.9730,-0.6773,0.0000,2413.5658,replace
206,4,94,wrist,0.0183,0.9732,-0.6773,0.0000,2418.5533,replace
206,4,94,wrist,0.0183,0.9729,-0.6772,0.0000,2423.5391,replace
206,4,94,wrist,0.0185,0.9714,-0.6767,0.0000,2428.5259,replace
206,4,94,wrist,0.0185,0.9707,-0.6765,0.0000,2433.5126,replace
206,4,94,wrist,0.0185,0.9701,-0.6763,0.0000,2438.4992,replace
206,4,94,wrist,0.0185,0.9700,-0.6762,0.0000,2443.4862,replace
206,4,94,wrist,0.0183,0.9701,-0.6760,0.0000,2448.4732,replace
206,4,94,wrist,0.0182,0.9696,-0.6758,0.0000,2453.4606,replace
206,4,94,wrist,0.0186,0.9675,-0.6753,0.0000,2458.4458,replace
206,4,94,wrist,0.0184,0.9671,-0.6751,0.0000,2463.4332,replace
206,4,94,wrist,0.0183,0.9666,-0.6750,0.0000,2468.4193,replace
206,4,94,wrist,0.0180,0.9666,-0.6750,0.0000,2473.4069,replace
206,4,94,wrist,0.0180,0.9662,-0.6749,0.0000,2478.393,replace
206,4,94,wrist,0.0183,0.9644,-0.6742,0.0000,2483.3793,replace
206,4,94,wrist,0.0185,0.9636,-0.6740,0.0000,2488.3656,replace
206,4,94,wrist,0.0183,0.9631,-0.6739,0.0000,2493.3525,replace
206,4,94,wrist,0.0179,0.9632,-0.6739,0.0000,2498.3395,replace
206,4,94,wrist,0.0178,0.9623,-0.6736,0.0000,2503.3265,replace
206,4,94,wrist,0.0178,0.9623,-0.6736,0.0000,2507.5658,replace
206,4,94,wrist,0.0181,0.9604,-0.6730,0.0000,2512.552,replace
206,4,94,wrist,0.0182,0.9596,-0.6729,0.0000,2517.5386,replace
206,4,94,wrist,0.0180,0.9592,-0.6727,0.0000,2522.5255,replace
206,4,94,wrist,0.0178,0.9594,-0.6727,0.0000,2527.5116,replace
206,4,94,wrist,0.0178,0.9583,-0.6724,0.0000,2532.4993,replace
206,4,94,wrist,0.0179,0.9567,-0.6720,0.0000,2537.486,replace
206,4,94,wrist,0.0178,0.9563,-0.6719,0.0000,2542.4726,replace
206,4,94,wrist,0.0178,0.9557,-0.6717,0.0000,2547.4587,replace
206,4,94,wrist,0.0176,0.9554,-0.6716,0.0000,2552.4454,replace
206,4,94,wrist,0.0175,0.9549,-0.6714,0.0000,2557.4318,replace
206,4,94,wrist,0.0178,0.9528,-0.6709,0.0000,2562.4197,replace
206,4,94,wrist,0.0178,0.9520,-0.6706,0.0000,2567.4054,replace
206,4,94,wrist,0.0178,0.9515,-0.6705,0.0000,2572.3918,replace
206,4,94,wrist,0.0176,0.9511,-0.6704,0.0000,2577.3786,replace
206,4,94,wrist,0.0173,0.9500,-0.6701,0.0000,2582.3656,replace
206,4,94,wrist,0.0173,0.9500,-0.6701,0.0000,2587.3527,replace
206,4,94,wrist,0.0180,0.9476,-0.6695,0.0000,2592.3387,replace
206,4,94,wrist,0.0179,0.9470,-0.6693,0.0000,2597.3253,replace
206,4,94,wrist,0.0179,0.9464,-0.6691,0.0000,2602.312,replace
206,4,94,wrist,0.0178,0.9462,-0.6690,0.0000,2607.2996,replace
206,4,94,wrist,0.0179,0.9447,-0.6686,0.0000,2612.2853,replace
206,4,94,wrist,0.0183,0.9429,-0.6682,0.0000,2617.2719,replace
206,4,94,wrist,0.0183,0.9422,-0.6680,0.0000,2622.2585,replace
206,4,94,wrist,0.0182,0.9415,-0.6679,0.0000,2627.2452,replace
206,4,94,wrist,0.0182,0.9412,-0.6678,0.0000,2632.2317,replace
206,4,94,wrist,0.0179,0.9398,-0.6675,0.0000,2637.2185,replace
206,4,94,wrist,0.0183,0.9380,-0.6672,0.0000,2642.2056,replace
206,4,94,wrist,0.0183,0.9371,-0.6670,0.0000,2647.192,replace
206,4,94,wrist,0.0182,0.9364,-0.6668,0.0000,2652.1787,replace
206,4,94,wrist,0.0183,0.9358,-0.6668,0.0000,2657.166,replace
206,4,94,wrist,0.0180,0.9353,-0.6666,0.0000,2662.1521,replace
206,4,94,wrist,0.0181,0.9333,-0.6662,0.0000,2667.1387,replace
206,4,94,wrist,0.0184,0.9318,-0.6659,0.0000,2672.1251,replace
206,4,94,wrist,0.0183,0.9310,-0.6657,0.0000,2677.1118,replace
206,4,94,wrist,0.0185,0.9299,-0.6656,0.0000,2682.0988,replace
206,4,94,wrist,0.0182,0.9299,-0.6654,0.0000,2687.0856,replace
206,4,94,wrist,0.0181,0.9281,-0.6651,0.0000,2692.0721,replace
206,4,94,wrist,0.0185,0.9264,-0.6647,0.0000,2697.059,replace
206,4,94,wrist,0.0185,0.9254,-0.6645,0.0000,2702.0451,replace
206,4,94,wrist,0.0187,0.9242,-0.6644,0.0000,2707.0327,replace
206,4,94,wrist,0.0185,0.9235,-0.6640,0.0000,2712.0184,replace
206,4,94,wrist,0.0186,0.9223,-0.6639,0.0000,2717.0052,replace
206,4,94,wrist,0.0187,0.9207,-0.6636,0.0000,2721.9913,replace
206,4,94,wrist,0.0190,0.9197,-0.6633,0.0000,2726.9784,replace
206,4,94,wrist,0.0190,0.9186,-0.6631,0.0000,2731.9658,replace
206,4,94,wrist,0.0188,0.9178,-0.6629,0.0000,2736.9522,replace
206,4,94,wrist,0.0188,0.9168,-0.6627,0.0000,2741.9392,replace
206,4,94,wrist,0.0187,0.9157,-0.6625,0.0000,2746.9253,replace
206,4,94,wrist,0.0191,0.9140,-0.6622,0.0000,2751.9117,replace
206,4,94,wrist,0.0191,0.9133,-0.6620,0.0000,2756.8981,replace
206,4,94,wrist,0.0190,0.9126,-0.6617,0.0000,2761.8846,replace
206,4,94,wrist,0.0188,0.9114,-0.6613,0.0000,2766.8719,replace
206,4,94,wrist,0.0187,0.9106,-0.6611,0.0000,2771.8581,replace
206,4,94,wrist,0.0190,0.9088,-0.6608,0.0000,2776.8451,replace
206,4,94,wrist,0.0191,0.9080,-0.6606,0.0000,2781.8318,replace
206,4,94,wrist,0.0190,0.9073,-0.6604,0.0000,2786.8191,replace
206,4,94,wrist,0.0188,0.9063,-0.6599,0.0000,2791.805,replace
206,4,94,wrist,0.0187,0.9056,-0.6597,0.0000,2796.7922,replace
206,4,94,wrist,0.0188,0.9043,-0.6594,0.0000,2801.778,replace
206,4,94,wrist,0.0192,0.9031,-0.6591,0.0000,2806.765,replace
206,4,94,wrist,0.0191,0.9024,-0.6589,0.0000,2811.7521,replace
206,4,94,wrist,0.0189,0.9015,-0.6584,0.0000,2816.7384,replace
206,4,94,wrist,0.0190,0.9009,-0.6582,0.0000,2821.7251,replace
206,4,94,wrist,0.0188,0.9001,-0.6579,0.0000,2826.7119,replace
206,4,94,wrist,0.0193,0.8984,-0.6577,0.0000,2831.6984,replace
206,4,94,wrist,0.0190,0.8970,-0.6572,0.0000,2836.6856,replace
206,4,94,wrist,0.0190,0.8970,-0.6572,0.0000,2841.6723,replace
206,4,94,wrist,0.0187,0.8963,-0.6567,0.0000,2846.6589,replace
206,4,94,wrist,0.0187,0.8957,-0.6565,0.0000,2851.6449,replace
206,4,94,wrist,0.0188,0.8944,-0.6561,0.0000,2856.6316,replace
206,4,94,wrist,0.0188,0.8928,-0.6556,0.0000,2861.6183,replace
206,4,94,wrist,0.0184,0.8927,-0.6554,0.0000,2866.6051,replace
206,4,94,wrist,0.0184,0.8927,-0.6554,0.0000,2871.5912,replace
206,4,94,wrist,0.0184,0.8927,-0.6554,0.0000,2876.5791,replace
206,4,94,wrist,0.0180,0.8908,-0.6547,0.0000,2881.5645,replace
206,4,94,wrist,0.0183,0.8896,-0.6544,0.0000,2886.5517,replace
206,4,94,wrist,0.0181,0.8885,-0.6540,0.0000,2891.538,replace
206,4,94,wrist,0.0178,0.8889,-0.6537,0.0000,2896.5253,replace
206,4,94,wrist,0.0175,0.8882,-0.6535,0.0000,2901.511,replace
206,4,94,wrist,0.0173,0.8876,-0.6533,0.0000,2906.498,replace
206,4,94,wrist,0.0173,0.8876,-0.6533,0.0000,2910.9554,replace
206,4,94,wrist,0.0173,0.8852,-0.6525,0.0000,2915.9253,replace
206,4,94,wrist,0.0169,0.8853,-0.6524,0.0000,2920.9121,replace
206,4,94,wrist,0.0168,0.8848,-0.6522,0.0000,2925.8988,replace
206,4,94,wrist,0.0168,0.8848,-0.6522,0.0000,2930.8857,replace
206,4,94,wrist,0.0169,0.8834,-0.6517,0.0000,2935.8723,replace
206,4,94,wrist,0.0171,0.8826,-0.6515,0.0000,2940.8591,replace
206,4,94,wrist,0.0165,0.8825,-0.6511,0.0000,2945.8451,replace
206,4,94,wrist,0.0163,0.8821,-0.6508,0.0000,2950.8319,replace
206,4,94,wrist,0.0163,0.8821,-0.6508,0.0000,2955.8191,replace
206,4,94,wrist,0.0163,0.8808,-0.6503,0.0000,2960.8053,replace
206,4,94,wrist,0.0165,0.8801,-0.6501,0.0000,2965.7919,return
206,4,94,wrist,0.0164,0.8796,-0.6497,0.0000,2970.7789,return
206,4,94,wrist,0.0164,0.8796,-0.6497,0.0000,2975.7653,return
206,4,94,wrist,0.0161,0.8793,-0.6492,0.0000,2980.7519,return
206,4,94,wrist,0.0162,0.8788,-0.6490,0.0000,2985.7389,return
206,4,94,wrist,0.0165,0.8776,-0.6486,0.0000,2990.7254,return
206,4,94,wrist,0.0165,0.8776,-0.6486,0.0000,2995.7122,return
206,4,94,wrist,0.0163,0.8778,-0.6483,0.0000,3000.6987,return
206,4,94,wrist,0.0163,0.8775,-0.6481,0.0000,3005.6851,return
206,4,94,wrist,0.0162,0.8772,-0.6479,0.0000,3010.6716,return
206,4,94,wrist,0.0165,0.8762,-0.6477,0.0000,3015.6583,return
206,4,94,wrist,0.0165,0.8758,-0.6475,0.0000,3020.6453,return
206,4,94,wrist,0.0162,0.8758,-0.6473,0.0000,3025.632,return
206,4,94,wrist,0.0159,0.8758,-0.6471,0.0000,3030.6192,return
206,4,94,wrist,0.0158,0.8755,-0.6470,0.0000,3035.6049,return
206,4,94,wrist,0.0158,0.8747,-0.6468,0.0000,3040.592,return
206,4,94,wrist,0.0159,0.8737,-0.6466,0.0000,3045.5788,return
206,4,94,wrist,0.0155,0.8738,-0.6465,0.0000,3050.565,return
206,4,94,wrist,0.0150,0.8741,-0.6463,0.0000,3055.5517,return
206,4,94,wrist,0.0149,0.8739,-0.6462,0.0000,3060.5385,return
206,4,94,wrist,0.0148,0.8735,-0.6460,0.0000,3065.5258,return
206,4,94,wrist,0.0151,0.8726,-0.6458,0.0000,3070.5121,return
206,4,94,wrist,0.0150,0.8724,-0.6457,0.0000,3075.4988,return
206,4,94,wrist,0.0142,0.8730,-0.6456,0.0000,3080.4851,return
206,4,94,wrist,0.0140,0.8729,-0.6455,0.0000,3085.4723,return
206,4,94,wrist,0.0139,0.8729,-0.6454,0.0000,3090.4592,return
206,4,94,wrist,0.0140,0.8723,-0.6452,0.0000,3095.446,return
206,4,94,wrist,0.0138,0.8721,-0.6450,0.0000,3100.4317,return
206,4,94,wrist,0.0136,0.8726,-0.6449,0.0000,3105.4184,return
206,4,94,wrist,0.0134,0.8728,-0.6449,0.0000,3110.4051,return
206,4,94,wrist,0.0134,0.8728,-0.6449,0.0000,3115.0735,return
206,4,94,wrist,0.0134,0.8724,-0.6447,0.0000,3120.0603,return
206,4,94,wrist,0.0135,0.8721,-0.6446,0.0000,3125.0472,return
206,4,94,wrist,0.0135,0.8723,-0.6445,0.0000,3130.0341,return
206,4,94,wrist,0.0133,0.8729,-0.6444,0.0000,3135.0203,return
206,4,94,wrist,0.0133,0.8729,-0.6444,0.0000,3140.0074,return
206,4,94,wrist,0.0133,0.8728,-0.6443,0.0000,3144.9939,return
206,4,94,wrist,0.0134,0.8720,-0.6439,0.0000,3149.9801,return
206,4,94,wrist,0.0134,0.8720,-0.6438,0.0000,3154.967,return
206,4,94,wrist,0.0130,0.8729,-0.6438,0.0000,3159.9534,return
206,4,94,wrist,0.0130,0.8729,-0.6437,0.0000,3164.9405,return
206,4,94,wrist,0.0131,0.8721,-0.6435,0.0000,3169.927,return
206,4,94,wrist,0.0131,0.8721,-0.6435,0.0000,3174.9139,return
206,4,94,wrist,0.0131,0.8720,-0.6433,0.0000,3179.9,return
206,4,94,wrist,0.0128,0.8725,-0.6432,0.0000,3184.8871,return
206,4,94,wrist,0.0126,0.8728,-0.6430,0.0000,3189.8733,return
206,4,94,wrist,0.0126,0.8728,-0.6429,0.0000,3194.8599,return
206,4,94,wrist,0.0129,0.8719,-0.6427,0.0000,3199.847,return
206,4,94,wrist,0.0130,0.8718,-0.6426,0.0000,3204.8335,return
206,4,94,wrist,0.0128,0.8721,-0.6424,0.0000,3209.8205,return
206,4,94,wrist,0.0123,0.8727,-0.6422,0.0000,3214.8064,return
206,4,94,wrist,0.0122,0.8726,-0.6421,0.0000,3219.7935,return
206,4,94,wrist,0.0131,0.8715,-0.6416,0.0000,3224.7798,return
206,4,94,wrist,0.0130,0.8715,-0.6414,0.0000,3229.7673,return
206,4,94,wrist,0.0130,0.8714,-0.6413,0.0000,3234.7535,return
206,4,94,wrist,0.0123,0.8723,-0.6411,0.0000,3239.74,return
206,4,94,wrist,0.0122,0.8722,-0.6410,0.0000,3244.7265,return
206,4,94,wrist,0.0125,0.8713,-0.6407,0.0000,3249.7132,return
206,4,94,wrist,0.0125,0.8713,-0.6407,0.0000,3254.7,return
206,4,94,wrist,0.0125,0.8711,-0.6405,0.0000,3259.6866,return
206,4,94,wrist,0.0120,0.8716,-0.6403,0.0000,3264.6738,return
206,4,94,wrist,0.0119,0.8718,-0.6403,0.0000,3269.6598,return
206,4,94,wrist,0.0118,0.8713,-0.6400,0.0000,3274.6475,return
206,4,94,wrist,0.0122,0.8706,-0.6400,0.0000,3279.6333,return
206,4,94,wrist,0.0121,0.8705,-0.6399,0.0000,3284.6199,return
206,4,94,wrist,0.0119,0.8707,-0.6398,0.0000,3289.6063,return
206,4,94,wrist,0.0118,0.8710,-0.6399,0.0000,3294.5939,return
206,4,94,wrist,0.0116,0.8709,-0.6398,0.0000,3299.5802,return
206,4,94,wrist,0.0118,0.8702,-0.6395,0.0000,3304.5667,return
206,4,94,wrist,0.0118,0.8702,-0.6395,0.0000,3309.5537,return
206,4,94,wrist,0.0116,0.8701,-0.6394,0.0000,3314.54,return
206,4,94,wrist,0.0111,0.8710,-0.6395,0.0000,3319.5269,return
206,4,94,wrist,0.0110,0.8709,-0.6394,0.0000,3324.5136,return
206,4,94,wrist,0.0115,0.8700,-0.6392,0.0000,3329.4999,return
206,4,94,wrist,0.0115,0.8699,-0.6392,0.0000,3334.4864,return
206,4,94,wrist,0.0115,0.8699,-0.6392,0.0000,3339.4732,return
206,4,94,wrist,0.0111,0.8703,-0.6392,0.0000,3344.4604,return
206,4,94,wrist,0.0108,0.8703,-0.6392,0.0000,3349.4468,return
206,4,94,wrist,0.0108,0.8700,-0.6392,0.0000,3354.4336,return
206,4,94,wrist,0.0111,0.8695,-0.6392,0.0000,3359.42,return
206,4,94,wrist,0.0111,0.8695,-0.6392,0.0000,3364.4069,return
206,4,94,wrist,0.0108,0.8697,-0.6392,0.0000,3369.3937,return
206,4,94,wrist,0.0107,0.8698,-0.6392,0.0000,3374.3814,return
206,4,94,wrist,0.0106,0.8698,-0.6392,0.0000,3379.3666,return
206,4,94,wrist,0.0109,0.8694,-0.6393,0.0000,3384.3531,return
206,4,94,wrist,0.0109,0.8694,-0.6393,0.0000,3389.3399,return
206,4,94,wrist,0.0109,0.8695,-0.6393,0.0000,3394.3263,return
206,4,94,wrist,0.0101,0.8701,-0.6394,0.0000,3399.3136,return
206,4,94,wrist,0.0100,0.8701,-0.6394,0.0000,3404.2996,return
206,4,94,wrist,0.0100,0.8701,-0.6394,0.0000,3409.2876,return
206,4,94,wrist,0.0105,0.8693,-0.6395,0.0000,3413.9352,return
206,4,94,wrist,0.0105,0.8693,-0.6395,0.0000,3418.9228,return
206,4,94,wrist,0.0098,0.8698,-0.6394,0.0000,3423.9091,return
206,4,94,wrist,0.0095,0.8701,-0.6394,0.0000,3428.8961,return
206,4,94,wrist,0.0096,0.8701,-0.6394,0.0000,3433.882,return
206,4,94,wrist,0.0096,0.8701,-0.6394,0.0000,3438.8687,return
206,4,94,wrist,0.0096,0.8701,-0.6394,0.0000,3443.8558,return
206,4,94,wrist,0.0097,0.8699,-0.6394,0.0000,3448.8425,return
206,4,94,wrist,0.0094,0.8701,-0.6394,0.0000,3453.8289,return
206,4,94,wrist,0.0094,0.8701,-0.6394,0.0000,3458.8155,return
206,4,94,wrist,0.0092,0.8688,-0.6392,0.0000,3463.802,return
206,4,94,wrist,0.0079,0.8689,-0.6417,0.0000,3468.7886,return
206,4,94,wrist,0.0078,0.8689,-0.6417,0.0000,3473.7757,return
206,4,94,wrist,0.0084,0.8696,-0.6391,0.0000,3478.7625,return
206,4,94,wrist,0.0084,0.8696,-0.6391,0.0000,3483.7487,return
206,4,94,wrist,0.0090,0.8689,-0.6392,0.0000,3488.7354,return
206,4,94,wrist,0.0091,0.8688,-0.6392,0.0000,3493.7218,return
206,4,94,wrist,0.0093,0.8683,-0.6382,0.0000,3498.7093,return
206,4,94,wrist,0.0082,0.8696,-0.6392,0.0000,3503.6957,return
206,4,94,wrist,0.0082,0.8696,-0.6392,0.0000,3508.6833,return
206,4,94,wrist,0.0084,0.8693,-0.6393,0.0000,3513.2318,return
206,4,94,wrist,0.0088,0.8689,-0.6393,0.0000,3518.2187,return
206,4,94,wrist,0.0087,0.8683,-0.6381,0.0000,3523.2053,return
206,4,94,wrist,0.0079,0.8716,-0.6419,0.0000,3528.1923,return
206,4,94,wrist,0.0079,0.8716,-0.6419,0.0000,3533.1787,return
206,4,94,wrist,0.0083,0.8693,-0.6393,0.0000,3538.1649,return
206,4,94,wrist,0.0086,0.8688,-0.6394,0.0000,3543.1523,return
206,4,94,wrist,0.0086,0.8684,-0.6385,0.0000,3548.138,return
206,4,94,wrist,0.0086,0.8684,-0.6385,0.0000,3553.1255,return
206,4,94,wrist,0.0077,0.8696,-0.6395,0.0000,3558.1116,return
206,4,94,wrist,0.0077,0.8696,-0.6395,0.0000,3563.0987,return
206,4,94,wrist,0.0074,0.8689,-0.6398,0.0000,3568.0848,return
206,4,94,wrist,0.0075,0.8686,-0.6399,0.0000,3573.0724,return
206,4,94,wrist,0.0073,0.8688,-0.6400,0.0000,3578.0589,return
206,4,94,wrist,0.0070,0.8692,-0.6400,0.0000,3583.0454,return
206,4,94,wrist,0.0070,0.8689,-0.6391,0.0000,3588.0313,return
206,4,94,wrist,0.0069,0.8687,-0.6393,0.0000,3593.0184,return
206,4,94,wrist,0.0070,0.8685,-0.6395,0.0000,3598.0049,return
206,4,94,wrist,0.0070,0.8685,-0.6396,0.0000,3602.9915,return
206,4,94,wrist,0.0066,0.8691,-0.6405,0.0000,3607.9796,return
206,4,94,wrist,0.0059,0.8695,-0.6407,0.0000,3612.4833,return
206,4,94,wrist,0.0058,0.8695,-0.6408,0.0000,3617.4604,return
206,4,94,wrist,0.0061,0.8690,-0.6409,0.0000,3622.4467,return
206,4,94,wrist,0.0058,0.8678,-0.6406,0.0000,3627.4329,return
206,4,94,wrist,0.0056,0.8679,-0.6407,0.0000,3632.421,return
206,4,94,wrist,0.0052,0.8685,-0.6407,0.0000,3637.4069,return
206,4,94,wrist,0.0050,0.8684,-0.6408,0.0000,3642.3935,return
206,4,94,wrist,0.0051,0.8682,-0.6409,0.0000,3647.38,return
206,4,94,wrist,0.0048,0.8683,-0.6419,0.0000,3652.367,return
206,4,94,wrist,0.0045,0.8686,-0.6421,0.0000,3657.3538,return
206,4,94,wrist,0.0041,0.8689,-0.6421,0.0000,3662.3402,return
206,4,94,wrist,0.0040,0.8689,-0.6423,0.0000,3667.3268,return
206,4,94,wrist,0.0040,0.8688,-0.6423,0.0000,3672.3132,return
206,4,94,wrist,0.0045,0.8676,-0.6416,0.0000,3677.2996,return
206,4,94,wrist,0.0043,0.8679,-0.6426,0.0000,3682.2863,return
206,4,94,wrist,0.0039,0.8682,-0.6417,0.0000,3687.274,return
206,4,94,wrist,0.0037,0.8682,-0.6419,0.0000,3692.2601,return
206,4,94,wrist,0.0036,0.8682,-0.6420,0.0000,3697.2467,return
206,4,94,wrist,0.0038,0.8678,-0.6421,0.0000,3702.2333,return
206,4,94,wrist,0.0038,0.8680,-0.6429,0.0000,3707.22,return
206,4,94,wrist,0.0033,0.8685,-0.6428,0.0000,3712.2071,return
206,4,94,wrist,0.0036,0.8708,-0.6455,0.0000,3717.1938,return
206,4,94,wrist,0.0035,0.8708,-0.6456,0.0000,3722.1801,return
206,4,94,wrist,0.0035,0.8707,-0.6456,0.0000,3727.1668,return
206,4,94,wrist,0.0033,0.8684,-0.6430,0.0000,3732.1537,return
206,4,94,wrist,0.0032,0.8685,-0.6430,0.0000,3737.1403,return
206,4,94,wrist,0.0031,0.8707,-0.6457,0.0000,3742.1273,return
206,4,94,wrist,0.0031,0.8708,-0.6457,0.0000,3747.1132,return
206,4,94,wrist,0.0030,0.8707,-0.6458,0.0000,3752.1004,return
206,4,94,wrist,0.0033,0.8682,-0.6432,0.0000,3757.0865,return
206,4,94,wrist,0.0032,0.8683,-0.6432,0.0000,3762.0739,return
206,4,94,wrist,0.0028,0.8688,-0.6431,0.0000,3767.0605,return
206,4,94,wrist,0.0027,0.8707,-0.6458,0.0000,3772.0464,return
206,4,94,wrist,0.0027,0.8688,-0.6431,0.0000,3777.0334,return
206,4,94,wrist,0.0033,0.8682,-0.6432,0.0000,3782.0196,return
206,4,94,wrist,0.0032,0.8683,-0.6432,0.0000,3787.0068,return
206,4,94,wrist,0.0028,0.8687,-0.6432,0.0000,3791.9932,return
206,4,94,wrist,0.0027,0.8688,-0.6432,0.0000,3796.9804,return
206,4,94,wrist,0.0027,0.8688,-0.6432,0.0000,3801.9664,return
206,4,94,wrist,0.0030,0.8685,-0.6433,0.0000,3806.9534,return
206,4,94,wrist,0.0032,0.8683,-0.6433,0.0000,3811.9397,return
206,4,94,wrist,0.0032,0.8683,-0.6433,0.0000,3816.927,return
206,4,94,wrist,0.0034,0.8678,-0.6425,0.0000,3821.9137,return
206,4,94,wrist,0.0034,0.8678,-0.6425,0.0000,3826.9,return
206,4,94,wrist,0.0034,0.8678,-0.6425,0.0000,3831.8863,return
206,4,94,wrist,0.0034,0.8678,-0.6425,0.0000,3836.8736,return
206,4,94,wrist,0.0032,0.8683,-0.6433,0.0000,3841.8601,return
206,4,94,wrist,0.0025,0.8689,-0.6435,0.0000,3846.8466,return
206,4,94,wrist,0.0025,0.8689,-0.6435,0.0000,3851.8332,return
206,4,94,wrist,0.0024,0.8689,-0.6436,0.0000,3856.8206,return
206,4,94,wrist,0.0030,0.8684,-0.6437,0.0000,3861.8069,return
206,4,94,wrist,0.0031,0.8683,-0.6438,0.0000,3866.7933,return
206,4,94,wrist,0.0023,0.8687,-0.6445,0.0000,3871.7796,return
206,4,94,wrist,0.0020,0.8688,-0.6446,0.0000,3876.7669,return
206,4,94,wrist,0.0020,0.8688,-0.6448,0.0000,3881.7526,return
206,4,94,wrist,0.0022,0.8684,-0.6449,0.0000,3886.7401,return
206,4,94,wrist,0.0024,0.8681,-0.6451,0.0000,3891.7263,return
206,4,94,wrist,0.0022,0.8684,-0.6452,0.0000,3896.7132,return
206,4,94,wrist,0.0019,0.8689,-0.6454,0.0000,3901.6992,return
206,4,94,wrist,0.0019,0.8689,-0.6456,0.0000,3906.6869,return
206,4,94,wrist,0.0024,0.8682,-0.6459,0.0000,3911.6734,return
206,4,94,wrist,0.0024,0.8682,-0.6461,0.0000,3916.4199,return
206,4,94,wrist,0.0025,0.8683,-0.6463,0.0000,3921.4063,return
206,4,94,wrist,0.0022,0.8683,-0.6453,0.0000,3926.3929,return
206,4,94,wrist,0.0025,0.8692,-0.6468,0.0000,3931.3792,return
206,4,94,wrist,0.0027,0.8693,-0.6471,0.0000,3936.3669,return
206,4,94,wrist,0.0031,0.8686,-0.6474,0.0000,3941.3529,return
206,4,94,wrist,0.0037,0.8687,-0.6480,0.0000,3946.3394,return
206,4,94,wrist,0.0040,0.8689,-0.6474,0.0000,3951.3267,return
206,4,94,wrist,0.0039,0.8697,-0.6487,0.0000,3956.3124,return
206,4,94,wrist,0.0042,0.8698,-0.6491,0.0000,3961.2995,return
206,4,94,wrist,0.0047,0.8695,-0.6494,0.0000,3966.2867,return
206,4,94,wrist,0.0056,0.8691,-0.6492,0.0000,3971.2726,return
206,4,94,wrist,0.0059,0.8695,-0.6496,0.0000,3976.2594,return
206,4,94,wrist,0.0057,0.8704,-0.6511,0.0000,3981.2459,return
206,4,94,wrist,0.0061,0.8706,-0.6516,0.0000,3986.2335,return
206,4,94,wrist,0.0073,0.8706,-0.6527,0.0000,3991.2196,return
206,4,94,wrist,0.0078,0.8708,-0.6534,0.0000,3996.206,return
206,4,94,wrist,0.0083,0.8710,-0.6542,0.0000,4001.1926,return
206,4,94,wrist,0.0087,0.8719,-0.6551,0.0000,4006.1797,return
206,4,94,wrist,0.0092,0.8721,-0.6561,0.0000,4011.1679,return
206,4,94,wrist,0.0109,0.8722,-0.6581,0.0000,4016.1526,return
206,4,94,wrist,0.0109,0.8722,-0.6581,0.0000,4021.1393,return
206,4,94,wrist,0.0122,0.8730,-0.6603,0.0000,4026.1262,return
206,4,94,wrist,0.0128,0.8738,-0.6615,0.0000,4031.1129,return
206,4,94,wrist,0.0134,0.8745,-0.6629,0.0000,4036.1,return
206,4,94,wrist,0.0142,0.8750,-0.6643,0.0000,4041.0861,return
206,4,94,wrist,0.0155,0.8754,-0.6659,0.0000,4046.0723,return
206,4,94,wrist,0.0175,0.8758,-0.6686,0.0000,4051.0591,return
206,4,94,wrist,0.0185,0.8766,-0.6702,0.0000,4056.046,return
206,4,94,wrist,0.0192,0.8778,-0.6719,0.0000,4061.0326,return
206,4,94,wrist,0.0205,0.8784,-0.6736,0.0000,4066.0195,return
206,4,94,wrist,0.0237,0.8791,-0.6770,0.0000,4071.0063,return
206,4,94,wrist,0.0237,0.8791,-0.6770,0.0000,4075.9926,return
206,4,94,wrist,0.0264,0.8803,-0.6809,0.0000,4080.9791,return
206,4,94,wrist,0.0275,0.8817,-0.6828,0.0000,4085.966,return
206,4,94,wrist,0.0309,0.8834,-0.6871,0.0000,4090.9528,return
206,4,94,wrist,0.0309,0.8834,-0.6871,0.0000,4095.9398,return
206,4,94,wrist,0.0349,0.8841,-0.6915,0.0000,4100.926,return
206,4,94,wrist,0.0367,0.8849,-0.6938,0.0000,4105.9123,return
206,4,94,wrist,0.0383,0.8857,-0.6960,0.0000,4110.8995,return
206,4,94,wrist,0.0405,0.8870,-0.6986,0.0000,4115.6371,return
206,4,94,wrist,0.0448,0.8883,-0.7039,0.0000,4120.6028,return
206,4,94,wrist,0.0467,0.8886,-0.7063,0.0000,4125.5888,return
206,4,94,wrist,0.0488,0.8892,-0.7089,0.0000,4130.5761,return
206,4,94,wrist,0.0506,0.8899,-0.7117,0.0000,4135.562,return
206,4,94,wrist,0.0524,0.8915,-0.7147,0.0000,4140.5494,return
206,4,94,wrist,0.0566,0.8928,-0.7204,0.0000,4145.5358,return
206,4,94,wrist,0.0590,0.8928,-0.7233,0.0000,4150.5221,return
206,4,94,wrist,0.0612,0.8932,-0.7263,0.0000,4155.5086,return
206,4,94,wrist,0.0634,0.8938,-0.7292,0.0000,4160.4952,return
206,4,94,wrist,0.0651,0.8951,-0.7321,0.0000,4165.483,return
206,4,94,wrist,0.0698,0.8965,-0.7386,0.0000,4170.469,return
206,4,94,wrist,0.0698,0.8965,-0.7386,0.0000,4175.456,return
206,4,94,wrist,0.0742,0.8966,-0.7449,0.0000,4180.4416,return
206,4,94,wrist,0.0765,0.8972,-0.7479,0.0000,4185.4294,return
206,4,94,wrist,0.0783,0.8978,-0.7510,0.0000,4190.4159,return
206,4,94,wrist,0.0802,0.8988,-0.7544,0.0000,4195.4028,return
206,4,94,wrist,0.0854,0.8999,-0.7613,0.0000,4200.3892,return
206,4,94,wrist,0.0878,0.8997,-0.7643,0.0000,4205.3754,return
206,4,94,wrist,0.0898,0.8998,-0.7675,0.0000,4210.3621,return
206,4,94,wrist,0.0917,0.9002,-0.7706,0.0000,4215.3495,return
206,4,94,wrist,0.0934,0.9009,-0.7741,0.0000,4220.1039,return
206,4,94,wrist,0.0978,0.9012,-0.7804,0.0000,4225.09,return
206,4,94,wrist,0.1002,0.9008,-0.7837,0.0000,4230.0768,return
206,4,94,wrist,0.1022,0.9008,-0.7868,0.0000,4235.0634,return
206,4,94,wrist,0.1042,0.9010,-0.7901,0.0000,4240.05,return
206,4,94,wrist,0.1081,0.9015,-0.7968,0.0000,4245.037,return
206,4,94,wrist,0.1098,0.9015,-0.7999,0.0000,4250.023,return
206,4,94,wrist,0.1121,0.9011,-0.8033,0.0000,4255.0098,return
206,4,94,wrist,0.1141,0.9006,-0.8062,0.0000,4259.9965,return
206,4,94,wrist,0.1158,0.9002,-0.8095,0.0000,4264.9833,return
206,4,94,wrist,0.1172,0.9003,-0.8123,0.0000,4269.9702,return
206,4,94,wrist,0.1189,0.9007,-0.8158,0.0000,4274.9566,return
206,4,94,wrist,0.1223,0.8999,-0.8221,0.0000,4279.9429,return
206,4,94,wrist,0.1242,0.8990,-0.8250,0.0000,4284.9303,return
206,4,94,wrist,0.1259,0.8984,-0.8280,0.0000,4289.916,return
206,4,94,wrist,0.1276,0.8981,-0.8310,0.0000,4294.9025,return
206,4,94,wrist,0.1304,0.8980,-0.8371,0.0000,4299.8901,return
206,4,94,wrist,0.1320,0.8975,-0.8401,0.0000,4304.8769,return
206,4,94,wrist,0.1340,0.8962,-0.8430,0.0000,4309.8631,return
206,4,94,wrist,0.1354,0.8957,-0.8457,0.0000,4314.8506,return
206,4,94,wrist,0.1373,0.8948,-0.8486,0.0000,4319.3645,return
206,4,94,wrist,0.1384,0.8948,-0.8514,0.0000,4324.3509,return
206,4,94,wrist,0.1418,0.8935,-0.8573,0.0000,4329.3383,return
206,4,94,wrist,0.1438,0.8924,-0.8601,0.0000,4334.324,return
206,4,94,wrist,0.1455,0.8915,-0.8624,0.0000,4339.3107,return
206,4,94,wrist,0.1474,0.8908,-0.8652,0.0000,4344.2979,return
206,4,94,wrist,0.1508,0.8900,-0.8706,0.0000,4349.2844,return
206,4,94,wrist,0.1527,0.8891,-0.8732,0.0000,4354.2715,return
206,4,94,wrist,0.1527,0.8891,-0.8732,0.0000,4359.2585,return
206,4,94,wrist,0.1565,0.8867,-0.8781,0.0000,4364.2445,return
206,4,94,wrist,0.1583,0.8861,-0.8805,0.0000,4369.2309,return
206,4,94,wrist,0.1600,0.8850,-0.8829,0.0000,4374.2181,return
206,4,94,wrist,0.1631,0.8841,-0.8877,0.0000,4379.2041,return
206,4,94,wrist,0.1649,0.8833,-0.8900,0.0000,4384.1908,return
206,4,94,wrist,0.1668,0.8818,-0.8923,0.0000,4389.1776,return
206,4,94,wrist,0.1681,0.8809,-0.8942,0.0000,4394.1638,return
206,4,94,wrist,0.1698,0.8798,-0.8966,0.0000,4399.1507,return
206,4,94,wrist,0.1721,0.8788,-0.9009,0.0000,4404.1371,return
206,4,94,wrist,0.1736,0.8778,-0.9031,0.0000,4409.1247,return
206,4,94,wrist,0.1751,0.8767,-0.9050,0.0000,4414.1104,return
206,4,94,wrist,0.1765,0.8756,-0.9068,0.0000,4419.0979,return
206,4,94,wrist,0.1788,0.8736,-0.9106,0.0000,4424.0841,return
206,4,94,wrist,0.1796,0.8733,-0.9127,0.0000,4429.0709,return
206,4,94,wrist,0.1808,0.8723,-0.9145,0.0000,4434.0572,return
206,4,94,wrist,0.1819,0.8714,-0.9163,0.0000,4439.0442,return
206,4,94,wrist,0.1832,0.8695,-0.9178,0.0000,4444.0307,return
206,4,94,wrist,0.1840,0.8688,-0.9195,0.0000,4449.0181,return
206,4,94,wrist,0.1852,0.8675,-0.9213,0.0000,4454.0048,return
206,4,94,wrist,0.1857,0.8670,-0.9228,0.0000,4458.9907,return
206,4,94,wrist,0.1876,0.8648,-0.9261,0.0000,4463.9777,return
206,4,94,wrist,0.1887,0.8633,-0.9276,0.0000,4468.9637,return
206,4,94,wrist,0.1894,0.8621,-0.9290,0.0000,4473.9509,return
206,4,94,wrist,0.1910,0.8600,-0.9318,0.0000,4478.9372,return
206,4,94,wrist,0.1915,0.8592,-0.9334,0.0000,4483.9242,return
206,4,94,wrist,0.1915,0.8592,-0.9334,0.0000,4488.9111,return
206,4,94,wrist,0.1929,0.8566,-0.9361,0.0000,4493.8971,return
206,4,94,wrist,0.1938,0.8550,-0.9371,0.0000,4498.8841,return
206,4,94,wrist,0.1945,0.8531,-0.9396,0.0000,4503.8703,return
206,4,94,wrist,0.1945,0.8531,-0.9396,0.0000,4508.8576,return
206,4,94,wrist,0.1955,0.8516,-0.9417,0.0000,4513.8439,return
206,4,94,wrist,0.1962,0.8507,-0.9426,0.0000,4518.8309,return
206,4,94,wrist,0.1971,0.8494,-0.9434,0.0000,4523.8177,returned
206,4,94,wrist,0.1986,0.8479,-0.9452,0.0000,4528.8044,returned
206,4,94,wrist,0.1988,0.8475,-0.9459,0.0000,4533.7903,returned
206,4,94,wrist,0.1988,0.8456,-0.9482,0.0000,4538.7766,returned
206,4,94,wrist,0.1992,0.8447,-0.9491,0.0000,4543.7639,returned
206,4,94,wrist,0.1998,0.8431,-0.9499,0.0000,4548.751,returned
206,4,94,wrist,0.2001,0.8419,-0.9506,0.0000,4553.7373,returned
206,4,94,wrist,0.2009,0.8400,-0.9520,0.0000,4558.7241,returned
206,4,94,wrist,0.2012,0.8398,-0.9528,0.0000,4563.7105,returned
206,4,94,wrist,0.2015,0.8389,-0.9533,0.0000,4568.6971,returned
206,4,94,wrist,0.2018,0.8378,-0.9538,0.0000,4573.6837,returned
206,4,94,wrist,0.2027,0.8357,-0.9549,0.0000,4578.6705,returned
206,4,94,wrist,0.2030,0.8346,-0.9553,0.0000,4583.6572,returned
206,4,94,wrist,0.2034,0.8348,-0.9557,0.0000,4588.6438,returned
206,4,94,wrist,0.2038,0.8339,-0.9560,0.0000,4593.6301,returned
206,4,94,wrist,0.2040,0.8329,-0.9563,0.0000,4598.6176,returned
206,4,94,wrist,0.2046,0.8303,-0.9568,0.0000,4603.6032,returned
206,4,94,wrist,0.2046,0.8303,-0.9568,0.0000,4608.5916,returned
206,4,94,wrist,0.2047,0.8293,-0.9570,0.0000,4613.577,returned
206,4,94,wrist,0.2048,0.8287,-0.9571,0.0000,4618.5638,returned
206,4,94,wrist,0.2050,0.8279,-0.9572,0.0000,4623.5507,returned
206,4,94,wrist,0.2054,0.8251,-0.9572,0.0000,4628.5378,returned
206,4,94,wrist,0.2055,0.8244,-0.9571,0.0000,4633.5235,returned
206,4,94,wrist,0.2056,0.8238,-0.9571,0.0000,4638.5103,returned
206,4,94,wrist,0.2058,0.8234,-0.9570,0.0000,4643.4966,returned
206,4,94,wrist,0.2060,0.8228,-0.9570,0.0000,4648.484,returned
206,4,94,wrist,0.2066,0.8204,-0.9572,0.0000,4653.4706,returned
206,4,94,wrist,0.2068,0.8199,-0.9572,0.0000,4658.4569,returned
206,4,94,wrist,0.2071,0.8195,-0.9572,0.0000,4663.444,returned
206,4,94,wrist,0.2073,0.8195,-0.9572,0.0000,4668.4303,returned
206,4,94,wrist,0.2074,0.8191,-0.9572,0.0000,4673.4171,returned
206,4,94,wrist,0.2076,0.8170,-0.9574,0.0000,4678.4043,returned
206,4,94,wrist,0.2074,0.8167,-0.9573,0.0000,4683.3906,returned
206,4,94,wrist,0.2072,0.8165,-0.9572,0.0000,4688.377,returned
206,4,94,wrist,0.2069,0.8170,-0.9571,0.0000,4693.3635,returned
206,4,94,wrist,0.2066,0.8171,-0.9570,0.0000,4698.3503,returned
206,4,94,wrist,0.2063,0.8159,-0.9569,0.0000,4703.3372,returned
206,4,94,wrist,0.2063,0.8159,-0.9569,0.0000,4708.3237,returned
206,4,94,wrist,0.2063,0.8155,-0.9568,0.0000,4713.3102,returned
206,4,94,wrist,0.2061,0.8156,-0.9568,0.0000,4718.2968,returned
206,4,94,wrist,0.2061,0.8159,-0.9568,0.0000,4723.2836,returned
206,4,94,wrist,0.2061,0.8162,-0.9566,0.0000,4728.271,returned
206,4,94,wrist,0.2069,0.8152,-0.9564,0.0000,4733.2577,returned
206,4,94,wrist,0.2071,0.8152,-0.9564,0.0000,4738.2432,returned
206,4,94,wrist,0.2073,0.8152,-0.9564,0.0000,4743.2306,returned
206,4,94,wrist,0.2075,0.8160,-0.9564,0.0000,4748.2164,returned
206,4,94,wrist,0.2079,0.8160,-0.9564,0.0000,4753.2039,returned
206,4,94,wrist,0.2086,0.8151,-0.9564,0.0000,4758.19,returned
206,4,94,wrist,0.2086,0.8151,-0.9564,0.0000,4763.1776,returned
206,4,94,wrist,0.2093,0.8148,-0.9564,0.0000,4768.1635,returned
206,4,94,wrist,0.2098,0.8155,-0.9564,0.0000,4773.1499,returned
206,4,94,wrist,0.2102,0.8158,-0.9564,0.0000,4778.1366,returned
206,4,94,wrist,0.2105,0.8146,-0.9565,0.0000,4783.1234,returned
206,4,94,wrist,0.2107,0.8141,-0.9566,0.0000,4788.1102,returned
206,4,94,wrist,0.2108,0.8141,-0.9565,0.0000,4793.0964,returned
206,4,94,wrist,0.2109,0.8142,-0.9565,0.0000,4798.0831,returned
206,4,94,wrist,0.2111,0.8150,-0.9564,0.0000,4803.0707,returned
206,4,94,wrist,0.2111,0.8148,-0.9564,0.0000,4808.0574,returned
206,4,94,wrist,0.2108,0.8131,-0.9564,0.0000,4813.0434,returned
206,4,94,wrist,0.2108,0.8130,-0.9564,0.0000,4818.0302,returned
206,4,94,wrist,0.2107,0.8128,-0.9563,0.0000,4822.9518,returned
206,4,94,wrist,0.2108,0.8135,-0.9562,0.0000,4827.9386,returned
206,4,94,wrist,0.2108,0.8132,-0.9562,0.0000,4832.9259,returned
206,4,94,wrist,0.2107,0.8120,-0.9563,0.0000,4837.9113,returned
206,4,94,wrist,0.2108,0.8118,-0.9563,0.0000,4842.8984,returned
206,4,94,wrist,0.2108,0.8116,-0.9564,0.0000,4847.8847,returned
206,4,94,wrist,0.2110,0.8117,-0.9564,0.0000,4852.8734,returned
206,4,94,wrist,0.2111,0.8118,-0.9564,0.0000,4857.8581,returned
206,4,94,wrist,0.2110,0.8111,-0.9565,0.0000,4862.8458,returned
206,4,94,wrist,0.2112,0.8102,-0.9567,0.0000,4867.8314,returned
206,4,94,wrist,0.2112,0.8101,-0.9567,0.0000,4872.8184,returned
206,4,94,wrist,0.2112,0.8100,-0.9568,0.0000,4877.8048,returned
206,4,94,wrist,0.2111,0.8108,-0.9566,0.0000,4882.7914,returned
206,4,94,wrist,0.2111,0.8106,-0.9567,0.0000,4887.7787,returned
206,4,94,wrist,0.2112,0.8094,-0.9569,0.0000,4892.7653,returned
206,4,94,wrist,0.2111,0.8094,-0.9569,0.0000,4897.7513,returned
206,4,94,wrist,0.2111,0.8093,-0.9569,0.0000,4902.7384,returned
206,4,94,wrist,0.2110,0.8100,-0.9568,0.0000,4907.7257,returned
206,4,94,wrist,0.2110,0.8101,-0.9568,0.0000,4912.7116,returned
206,4,94,wrist,0.2112,0.8092,-0.9569,0.0000,4917.6986,returned
206,4,94,wrist,0.2111,0.8088,-0.9569,0.0000,4922.3749,returned
206,4,94,wrist,0.2111,0.8088,-0.9569,0.0000,4927.3617,returned
206,4,94,wrist,0.2112,0.8089,-0.9569,0.0000,4932.3492,returned
206,4,94,wrist,0.2111,0.8092,-0.9568,0.0000,4937.3354,returned
206,4,94,wrist,0.2111,0.8092,-0.9568,0.0000,4942.3223,returned
206,4,94,wrist,0.2109,0.8083,-0.9568,0.0000,4947.3082,returned
206,4,94,wrist,0.2108,0.8083,-0.9567,0.0000,4952.2952,returned
206,4,94,wrist,0.2107,0.8083,-0.9567,0.0000,4957.2822,returned
206,4,94,wrist,0.2106,0.8084,-0.9567,0.0000,4962.2688,returned
206,4,94,wrist,0.2102,0.8086,-0.9566,0.0000,4967.2551,returned
206,4,94,wrist,0.2099,0.8076,-0.9564,0.0000,4972.2412,returned
206,4,94,wrist,0.2097,0.8076,-0.9563,0.0000,4977.2284,returned
206,4,94,wrist,0.2095,0.8075,-0.9563,0.0000,4982.2151,returned
206,4,94,wrist,0.2094,0.8082,-0.9562,0.0000,4987.2017,returned
206,4,94,wrist,0.2094,0.8083,-0.9562,0.0000,4992.1879,returned
206,4,94,wrist,0.2089,0.8072,-0.9560,0.0000,4997.1755,returned
206,4,94,wrist,0.2088,0.8069,-0.9560,0.0000,5002.1615,returned
206,4,94,wrist,0.2087,0.8068,-0.9559,0.0000,5007.1487,returned
206,4,94,wrist,0.2086,0.8072,-0.9560,0.0000,5012.135,returned
206,4,94,wrist,0.2085,0.8072,-0.9560,0.0000,5017.1217,returned
206,4,94,wrist,0.2084,0.8070,-0.9557,0.0000,5022.1083,returned
206,4,94,wrist,0.2083,0.8062,-0.9557,0.0000,5027.095,returned
206,4,94,index,0.1938,0.7626,-0.8118,0.0212,0,startbuffer
206,4,94,index,0.1938,0.7626,-0.8118,0.0212,4.9861,startbuffer
206,4,94,index,0.1938,0.7626,-0.8118,0.0200,9.9726,startbuffer
206,4,94,index,0.1938,0.7626,-0.8118,0.0199,14.9596,startbuffer
206,4,94,index,0.1938,0.7626,-0.8118,0.0199,19.946,startbuffer
206,4,94,index,0.1938,0.7626,-0.8118,0.0212,24.9322,startbuffer
206,4,94,index,0.1938,0.7626,-0.8118,0.0212,29.919,startbuffer
206,4,94,index,0.1938,0.7626,-0.8118,0.0208,34.9059,startbuffer
206,4,94,index,0.1938,0.7626,-0.8118,0.0198,39.8933,startbuffer
206,4,94,index,0.1938,0.7626,-0.8118,0.0198,44.879,startbuffer
206,4,94,index,0.1938,0.7626,-0.8118,0.0208,49.8658,startbuffer
206,4,94,index,0.1938,0.7626,-0.8118,0.0208,54.8531,startbuffer
206,4,94,index,0.1938,0.7626,-0.8118,0.0208,59.8391,begin
206,4,94,index,0.1938,0.7626,-0.8118,0.0198,64.8263,begin
206,4,94,index,0.1938,0.7626,-0.8118,0.0212,69.8128,begin
206,4,94,index,0.1938,0.7626,-0.8118,0.0212,74.8006,begin
206,4,94,index,0.1938,0.7626,-0.8118,0.0213,79.7862,begin
206,4,94,index,0.1938,0.7626,-0.8118,0.0213,84.7723,begin
206,4,94,index,0.1938,0.7626,-0.8118,0.0211,89.7593,begin
206,4,94,index,0.1938,0.7626,-0.8118,0.0210,94.7457,begin
206,4,94,index,0.1938,0.7626,-0.8118,0.0210,99.733,begin
206,4,94,index,0.1938,0.7626,-0.8118,0.0218,104.719,begin
206,4,94,index,0.1938,0.7626,-0.8118,0.0218,109.7063,begin
206,4,94,index,0.1938,0.7626,-0.8118,0.0214,114.6925,begin
206,4,94,index,0.1938,0.7626,-0.8118,0.0210,119.6801,begin
206,4,94,index,0.1938,0.7626,-0.8118,0.0214,124.6661,begin
206,4,94,index,0.1938,0.7626,-0.8118,0.0217,129.6524,begin
206,4,94,index,0.1938,0.7626,-0.8118,0.0217,134.639,begin
206,4,94,index,0.1938,0.7626,-0.8118,0.0216,139.6256,begin
206,4,94,index,0.1938,0.7626,-0.8118,0.0213,144.6126,begin
206,4,94,index,0.1938,0.7626,-0.8118,0.0210,149.5992,begin
206,4,94,index,0.1938,0.7626,-0.8118,0.0211,154.5862,begin
206,4,94,index,0.1938,0.7626,-0.8118,0.0210,159.5725,begin
206,4,94,index,0.1938,0.7626,-0.8118,0.0211,164.5595,begin
206,4,94,index,0.1938,0.7626,-0.8118,0.0218,169.5462,begin
206,4,94,index,0.1938,0.7626,-0.8118,0.0218,174.533,begin
206,4,94,index,0.1938,0.7626,-0.8118,0.0218,179.5191,begin
206,4,94,index,0.1938,0.7626,-0.8118,0.0218,184.5053,begin
206,4,94,index,0.1938,0.7626,-0.8118,0.0218,189.4924,begin
206,4,94,index,0.1938,0.7626,-0.8118,0.0214,194.479,begin
206,4,94,index,0.1938,0.7626,-0.8118,0.0211,199.4665,begin
206,4,94,index,0.1938,0.7626,-0.8118,0.0210,204.4524,begin
206,4,94,index,0.1938,0.7626,-0.8118,0.0212,209.4398,begin
206,4,94,index,0.1938,0.7626,-0.8118,0.0210,214.4255,begin
206,4,94,index,0.1938,0.7626,-0.8118,0.0214,219.4132,begin
206,4,94,index,0.1938,0.7626,-0.8118,0.0218,224.3988,begin
206,4,94,index,0.1938,0.7626,-0.8118,0.0218,229.3854,begin
206,4,94,index,0.1938,0.7626,-0.8118,0.0218,234.3723,begin
206,4,94,index,0.1938,0.7626,-0.8118,0.0218,239.3588,begin
206,4,94,index,0.1938,0.7626,-0.8118,0.0217,244.346,begin
206,4,94,index,0.1938,0.7626,-0.8118,0.0212,249.3325,begin
206,4,94,index,0.1938,0.7626,-0.8118,0.0209,254.3195,begin
206,4,94,index,0.1938,0.7626,-0.8118,0.0218,259.3057,begin
206,4,94,index,0.1938,0.7626,-0.8118,0.0218,264.2923,begin
206,4,94,index,0.1938,0.7626,-0.8118,0.0218,269.2796,begin
206,4,94,index,0.1938,0.7626,-0.8118,0.0212,274.2655,begin
206,4,94,index,0.1938,0.7626,-0.8118,0.0212,279.2534,begin
206,4,94,index,0.1938,0.7626,-0.8118,0.0215,284.2389,begin
206,4,94,index,0.1938,0.7626,-0.8118,0.0218,289.2253,begin
206,4,94,index,0.1938,0.7626,-0.8118,0.0218,294.2126,begin
206,4,94,index,0.1938,0.7626,-0.8118,0.0216,299.1999,begin
206,4,94,index,0.1938,0.7626,-0.8118,0.0214,304.1863,begin
206,4,94,index,0.1938,0.7626,-0.8118,0.0214,310.1703,begin
206,4,94,index,0.1938,0.7626,-0.8118,0.0215,315.1568,begin
206,4,94,index,0.1938,0.7626,-0.8118,0.0215,320.1435,begin
206,4,94,index,0.1938,0.7626,-0.8118,0.0208,325.1295,begin
206,4,94,index,0.1938,0.7626,-0.8118,0.0208,330.1164,begin
206,4,94,index,0.1938,0.7626,-0.8118,0.0212,335.1028,begin
206,4,94,index,0.1938,0.7626,-0.8118,0.0218,340.0891,begin
206,4,94,index,0.1938,0.7626,-0.8118,0.0218,345.0763,begin
206,4,94,index,0.1938,0.7626,-0.8118,0.0212,350.0627,begin
206,4,94,index,0.1938,0.7626,-0.8118,0.0210,355.0499,begin
206,4,94,index,0.1938,0.7626,-0.8118,0.0211,360.0359,begin
206,4,94,index,0.1938,0.7626,-0.8118,0.0216,365.023,begin
206,4,94,index,0.1938,0.7626,-0.8118,0.0218,370.0096,begin
206,4,94,index,0.1938,0.7626,-0.8118,0.0217,374.9963,begin
206,4,94,index,0.1938,0.7626,-0.8118,0.0213,379.9827,begin
206,4,94,index,0.1938,0.7626,-0.8118,0.0216,384.9692,begin
206,4,94,index,0.1938,0.7626,-0.8118,0.0214,389.956,begin
206,4,94,index,0.1938,0.7626,-0.8118,0.0215,394.9429,begin
206,4,94,index,0.1938,0.7626,-0.8118,0.0215,399.9294,begin
206,4,94,index,0.1938,0.7626,-0.8118,0.0210,404.9158,begin
206,4,94,index,0.1938,0.7626,-0.8118,0.0210,409.9027,begin
206,4,94,index,0.1938,0.7626,-0.8118,0.0211,414.889,begin
206,4,94,index,0.1938,0.7626,-0.8118,0.0211,419.8763,begin
206,4,94,index,0.1938,0.7626,-0.8118,0.0211,424.8625,begin
206,4,94,index,0.1938,0.7626,-0.8118,0.0218,429.8492,begin
206,4,94,index,0.1938,0.7626,-0.8118,0.0218,434.8359,begin
206,4,94,index,0.1938,0.7626,-0.8118,0.0218,439.8221,begin
206,4,94,index,0.1938,0.7626,-0.8118,0.0218,444.8091,begin
206,4,94,index,0.1938,0.7626,-0.8118,0.0218,449.7959,begin
206,4,94,index,0.1938,0.7626,-0.8118,0.0218,454.7828,begin
206,4,94,index,0.1938,0.7626,-0.8118,0.0210,459.769,begin
206,4,94,index,0.1938,0.7626,-0.8118,0.0209,464.7561,begin
206,4,94,index,0.1938,0.7626,-0.8118,0.0212,469.7429,begin
206,4,94,index,0.1938,0.7626,-0.8118,0.0210,474.7296,begin
206,4,94,index,0.1938,0.7626,-0.8118,0.0213,479.7155,begin
206,4,94,index,0.1938,0.7626,-0.8118,0.0218,484.7024,begin
206,4,94,index,0.1938,0.7626,-0.8118,0.0218,489.6895,begin
206,4,94,index,0.1938,0.7626,-0.8118,0.0218,494.6756,begin
206,4,94,index,0.1938,0.7626,-0.8118,0.0218,499.3795,begin
206,4,94,index,0.1938,0.7626,-0.8118,0.0218,504.3662,begin
206,4,94,index,0.1938,0.7626,-0.8118,0.0212,509.3532,begin
206,4,94,index,0.1938,0.7626,-0.8118,0.0211,514.3395,begin
206,4,94,index,0.1938,0.7626,-0.8118,0.0211,519.3267,begin
206,4,94,index,0.1938,0.7626,-0.8118,0.0218,524.3135,begin
206,4,94,index,0.1938,0.7626,-0.8118,0.0218,529.2994,begin
206,4,94,index,0.1938,0.7626,-0.8118,0.0216,534.2863,begin
206,4,94,index,0.1938,0.7626,-0.8118,0.0216,539.2728,begin
206,4,94,index,0.1938,0.7626,-0.8118,0.0215,544.2595,begin
206,4,94,index,0.1938,0.7626,-0.8118,0.0220,549.2462,begin
206,4,94,index,0.1938,0.7626,-0.8118,0.0220,554.2335,begin
206,4,94,index,0.1938,0.7626,-0.8118,0.0220,559.2193,begin
206,4,94,index,0.1938,0.7626,-0.8118,0.0220,564.2068,begin
206,4,94,index,0.1938,0.7626,-0.8118,0.0220,569.193,begin
206,4,94,index,0.1938,0.7626,-0.8118,0.0222,574.1797,begin
206,4,94,index,0.1938,0.7626,-0.8118,0.0222,579.1664,begin
206,4,94,index,0.1938,0.7626,-0.8118,0.0222,584.1527,begin
206,4,94,index,0.1938,0.7626,-0.8118,0.0218,589.1393,begin
206,4,94,index,0.1938,0.7626,-0.8118,0.0218,594.126,begin
206,4,94,index,0.1938,0.7626,-0.8118,0.0218,598.4199,begin
206,4,94,index,0.1938,0.7626,-0.8118,0.0227,603.4069,begin
206,4,94,index,0.1938,0.7626,-0.8118,0.0229,608.3936,begin
206,4,94,index,0.1938,0.7626,-0.8118,0.0224,613.3801,begin
206,4,94,index,0.1938,0.7626,-0.8118,0.0223,618.3666,begin
206,4,94,index,0.1938,0.7626,-0.8118,0.0223,623.3532,begin
206,4,94,index,0.1938,0.7626,-0.8118,0.0233,628.34,begin
206,4,94,index,0.1938,0.7626,-0.8118,0.0234,633.3266,begin
206,4,94,index,0.1938,0.7626,-0.8118,0.0230,638.3131,begin
206,4,94,index,0.1938,0.7626,-0.8118,0.0227,643.3003,begin
206,4,94,index,0.1938,0.7626,-0.8118,0.0229,648.2864,begin
206,4,94,index,0.1938,0.7626,-0.8118,0.0231,653.2737,begin
206,4,94,index,0.1938,0.7626,-0.8118,0.0240,658.2602,begin
206,4,94,index,0.1938,0.7626,-0.8118,0.0240,663.2464,begin
206,4,94,index,0.1938,0.7626,-0.8118,0.0230,668.2331,begin
206,4,94,index,0.1938,0.7626,-0.8118,0.0233,673.2197,begin
206,4,94,index,0.1938,0.7626,-0.8118,0.0233,678.207,begin
206,4,94,index,0.1938,0.7626,-0.8118,0.0229,683.1935,begin
206,4,94,index,0.1938,0.7626,-0.8118,0.0225,688.1799,begin
206,4,94,index,0.1938,0.7626,-0.8118,0.0229,693.1662,begin
206,4,94,index,0.1938,0.7626,-0.8118,0.0225,698.153,begin
206,4,94,index,0.1938,0.7626,-0.8118,0.0220,703.14,begin
206,4,94,index,0.1938,0.7626,-0.8118,0.0197,708.1274,begin
206,4,94,index,0.1938,0.7626,-0.8118,0.0185,713.1127,begin
206,4,94,index,0.1938,0.7626,-0.8118,0.0122,718.0998,begin
206,4,94,index,0.1938,0.7626,-0.8118,0.0082,723.0865,begin
206,4,94,index,0.1938,0.7626,-0.8118,0.0077,729.07,begin
206,4,94,index,0.1938,0.7626,-0.8118,0.0100,734.0573,begin
206,4,94,index,0.1938,0.7626,-0.8118,0.0126,739.0434,begin
206,4,94,index,0.1938,0.7626,-0.8118,0.0155,744.0302,begin
206,4,94,index,0.1938,0.7626,-0.8118,0.0180,749.0165,begin
206,4,94,index,0.1938,0.7626,-0.8118,0.0238,754.0039,begin
206,4,94,index,0.1938,0.7626,-0.8118,0.0267,758.9903,begin
206,4,94,index,0.1938,0.7626,-0.8118,0.0297,763.9774,begin
206,4,94,index,0.1938,0.7626,-0.8118,0.0328,768.9631,begin
206,4,94,index,0.1938,0.7626,-0.8118,0.0359,773.9504,begin
206,4,94,index,0.1938,0.7626,-0.8118,0.0390,778.9368,begin
206,4,94,index,0.1938,0.7626,-0.8118,0.0451,783.9234,begin
206,4,94,index,0.1938,0.7626,-0.8118,0.0480,788.9099,begin
206,4,94,index,0.1938,0.7626,-0.8118,0.0512,793.8967,begin
206,4,94,index,0.1938,0.7626,-0.8118,0.0543,798.8838,begin
206,4,94,index,0.1938,0.7626,-0.8118,0.0610,803.8705,begin
206,4,94,index,0.1938,0.7626,-0.8118,0.0644,808.8572,begin
206,4,94,index,0.1938,0.7626,-0.8118,0.0676,813.8434,begin
206,4,94,index,0.1938,0.7626,-0.8118,0.0710,818.8301,begin
206,4,94,index,0.1938,0.7626,-0.8118,0.0743,823.8171,begin
206,4,94,index,0.1938,0.7626,-0.8118,0.0813,828.8034,begin
206,4,94,index,0.1938,0.7626,-0.8118,0.0850,833.7903,begin
206,4,94,index,0.1938,0.7626,-0.8118,0.0886,838.7766,begin
206,4,94,index,0.1938,0.7626,-0.8118,0.0922,843.7633,out
206,4,94,index,0.1938,0.7626,-0.8118,0.0961,848.7502,out
206,4,94,index,0.1938,0.7626,-0.8118,0.0998,853.737,out
206,4,94,index,0.1938,0.7626,-0.8118,0.1071,858.7234,out
206,4,94,index,0.1938,0.7626,-0.8118,0.1106,863.7101,out
206,4,94,index,0.1938,0.7626,-0.8118,0.1141,868.6966,out
206,4,94,index,0.1938,0.7626,-0.8118,0.1175,873.6836,out
206,4,94,index,0.1938,0.7626,-0.8118,0.1246,878.6707,out
206,4,94,index,0.1938,0.7626,-0.8118,0.1280,883.6567,out
206,4,94,index,0.1938,0.7626,-0.8118,0.1315,888.6435,out
206,4,94,index,0.1938,0.7626,-0.8118,0.1346,893.6301,out
206,4,94,index,0.1938,0.7626,-0.8118,0.1379,898.6168,out
206,4,94,index,0.1938,0.7626,-0.8118,0.1447,903.6034,out
206,4,94,index,0.1938,0.7626,-0.8118,0.1480,908.5913,out
206,4,94,index,0.1938,0.7626,-0.8118,0.1513,913.577,out
206,4,94,index,0.1938,0.7626,-0.8118,0.1544,918.5633,out
206,4,94,index,0.1938,0.7626,-0.8118,0.1577,923.5508,out
206,4,94,index,0.1938,0.7626,-0.8118,0.1643,928.5375,out
206,4,94,index,0.1938,0.7626,-0.8118,0.1674,933.5232,out
206,4,94,index,0.1938,0.7626,-0.8118,0.1705,938.5098,out
206,4,94,index,0.1938,0.7626,-0.8118,0.1737,943.4973,out
206,4,94,index,0.1938,0.7626,-0.8118,0.1769,948.4836,out
206,4,94,index,0.1938,0.7626,-0.8118,0.1800,953.4718,out
206,4,94,index,0.1938,0.7626,-0.8118,0.1862,958.4566,out
206,4,94,index,0.1938,0.7626,-0.8118,0.1892,963.444,out
206,4,94,index,0.1938,0.7626,-0.8118,0.1923,968.4299,out
206,4,94,index,0.1938,0.7626,-0.8118,0.1954,973.4162,out
206,4,94,index,0.1938,0.7626,-0.8118,0.1983,978.4043,out
206,4,94,index,0.1938,0.7626,-0.8118,0.2046,983.3898,out
206,4,94,index,0.1938,0.7626,-0.8118,0.2077,988.3766,out
206,4,94,index,0.1938,0.7626,-0.8118,0.2108,993.3632,out
206,4,94,index,0.1938,0.7626,-0.8118,0.2138,998.3503,out
206,4,94,index,0.1938,0.7626,-0.8118,0.2167,1002.8487,out
206,4,94,index,0.1938,0.7626,-0.8118,0.2226,1007.8347,out
206,4,94,index,0.1938,0.7626,-0.8118,0.2257,1012.8213,out
206,4,94,index,0.1938,0.7626,-0.8118,0.2286,1017.8076,out
206,4,94,index,0.1938,0.7626,-0.8118,0.2315,1022.7946,out
206,4,94,index,0.1938,0.7626,-0.8118,0.2346,1027.7819,out
206,4,94,index,0.1938,0.7626,-0.8118,0.2375,1032.7682,out
206,4,94,index,0.1938,0.7626,-0.8118,0.2436,1037.7545,out
206,4,94,index,0.1938,0.7626,-0.8118,0.2464,1042.7422,out
206,4,94,index,0.1938,0.7626,-0.8118,0.2493,1047.7277,out
206,4,94,index,0.1938,0.7626,-0.8118,0.2522,1052.7147,out
206,4,94,index,0.1938,0.7626,-0.8118,0.2578,1057.701,out
206,4,94,index,0.1938,0.7626,-0.8118,0.2609,1062.6876,out
206,4,94,index,0.1938,0.7626,-0.8118,0.2609,1067.6754,out
206,4,94,index,0.1938,0.7626,-0.8118,0.2667,1072.6613,out
206,4,94,index,0.1938,0.7626,-0.8118,0.2693,1077.6487,out
206,4,94,index,0.1938,0.7626,-0.8118,0.2749,1082.6347,out
206,4,94,index,0.1938,0.7626,-0.8118,0.2749,1087.6218,out
206,4,94,index,0.1938,0.7626,-0.8118,0.2777,1092.608,out
206,4,94,index,0.1938,0.7626,-0.8118,0.2830,1097.595,out
206,4,94,index,0.1938,0.7626,-0.8118,0.2856,1101.9476,out
206,4,94,index,0.1938,0.7626,-0.8118,0.2883,1106.9341,out
206,4,94,index,0.1938,0.7626,-0.8118,0.2935,1111.921,out
206,4,94,index,0.1938,0.7626,-0.8118,0.2961,1116.9073,out
206,4,94,index,0.1938,0.7626,-0.8118,0.2986,1121.8938,out
206,4,94,index,0.1938,0.7626,-0.8118,0.3010,1126.8806,out
206,4,94,index,0.1938,0.7626,-0.8118,0.3035,1131.868,out
206,4,94,index,0.1938,0.7626,-0.8118,0.3081,1136.854,out
206,4,94,index,0.1938,0.7626,-0.8118,0.3106,1141.8411,out
206,4,94,index,0.1938,0.7626,-0.8118,0.3130,1146.8272,out
206,4,94,index,0.1938,0.7626,-0.8118,0.3153,1152.8114,out
206,4,94,index,0.1938,0.7626,-0.8118,0.3196,1157.7985,out
206,4,94,index,0.1938,0.7626,-0.8118,0.3216,1162.7848,out
206,4,94,index,0.1938,0.7626,-0.8118,0.3238,1167.7713,out
206,4,94,index,0.1938,0.7626,-0.8118,0.3258,1172.7578,out
206,4,94,index,0.1938,0.7626,-0.8118,0.3280,1177.7446,out
206,4,94,index,0.1938,0.7626,-0.8118,0.3301,1182.7309,out
206,4,94,index,0.1938,0.7626,-0.8118,0.3318,1187.7186,out
206,4,94,index,0.1938,0.7626,-0.8118,0.3356,1192.7042,out
206,4,94,index,0.1938,0.7626,-0.8118,0.3374,1197.6912,out
206,4,94,index,0.1938,0.7626,-0.8118,0.3392,1202.6777,out
206,4,94,index,0.1938,0.7626,-0.8118,0.3410,1207.6649,out
206,4,94,index,0.1938,0.7626,-0.8118,0.3443,1212.6513,out
206,4,94,index,0.1938,0.7626,-0.8118,0.3460,1217.6377,out
206,4,94,index,0.1938,0.7626,-0.8118,0.3474,1222.6244,out
206,4,94,index,0.1938,0.7626,-0.8118,0.3487,1227.6114,out
206,4,94,index,0.1938,0.7626,-0.8118,0.3500,1232.5986,out
206,4,94,index,0.1938,0.7626,-0.8118,0.3524,1237.5846,out
206,4,94,index,0.1938,0.7626,-0.8118,0.3551,1242.5718,out
206,4,94,index,0.1938,0.7626,-0.8118,0.3566,1247.5578,lift
206,4,94,index,0.1938,0.7626,-0.8118,0.3579,1252.5445,lift
206,4,94,index,0.1938,0.7626,-0.8118,0.3605,1257.5317,lift
206,4,94,index,0.1938,0.7626,-0.8118,0.3617,1262.5178,lift
206,4,94,index,0.1938,0.7626,-0.8118,0.3628,1267.5045,lift
206,4,94,index,0.1938,0.7626,-0.8118,0.3639,1272.4911,lift
206,4,94,index,0.1938,0.7626,-0.8118,0.3650,1277.4781,lift
206,4,94,index,0.1938,0.7626,-0.8118,0.3670,1282.4646,lift
206,4,94,index,0.1938,0.7626,-0.8118,0.3670,1287.4528,lift
206,4,94,index,0.1938,0.7626,-0.8118,0.3689,1292.4379,lift
206,4,94,index,0.1938,0.7626,-0.8118,0.3698,1297.4247,lift
206,4,94,index,0.1938,0.7626,-0.8118,0.3708,1302.031,lift
206,4,94,index,0.1938,0.7626,-0.8118,0.3716,1307.0192,lift
206,4,94,index,0.1938,0.7626,-0.8118,0.3722,1312.0051,lift
206,4,94,index,0.1938,0.7626,-0.8118,0.3747,1316.9913,lift
206,4,94,index,0.1938,0.7626,-0.8118,0.3757,1321.9776,lift
206,4,94,index,0.1938,0.7626,-0.8118,0.3766,1326.9644,lift
206,4,94,index,0.1938,0.7626,-0.8118,0.3773,1331.9524,lift
206,4,94,index,0.1938,0.7626,-0.8118,0.3787,1336.9379,lift
206,4,94,index,0.1938,0.7626,-0.8118,0.3795,1341.9248,lift
206,4,94,index,0.1938,0.7626,-0.8118,0.3804,1346.911,lift
206,4,94,index,0.1938,0.7626,-0.8118,0.3811,1351.8978,lift
206,4,94,index,0.1938,0.7626,-0.8118,0.3818,1356.8851,lift
206,4,94,index,0.1938,0.7626,-0.8118,0.3831,1361.8711,lift
206,4,94,index,0.1938,0.7626,-0.8118,0.3831,1366.8578,lift
206,4,94,index,0.1938,0.7626,-0.8118,0.3839,1371.8443,lift
206,4,94,index,0.1938,0.7626,-0.8118,0.3842,1376.8317,lift
206,4,94,index,0.1938,0.7626,-0.8118,0.3848,1381.8181,lift
206,4,94,index,0.1938,0.7626,-0.8118,0.3852,1386.8048,lift
206,4,94,index,0.1938,0.7626,-0.8118,0.3861,1391.7911,lift
206,4,94,index,0.1938,0.7626,-0.8118,0.3869,1396.778,lift
206,4,94,index,0.1938,0.7626,-0.8118,0.3872,1402.1134,lift
206,4,94,index,0.1938,0.7626,-0.8118,0.3873,1407.1034,lift
206,4,94,index,0.1938,0.7626,-0.8118,0.3882,1412.0891,lift
206,4,94,index,0.1938,0.7626,-0.8118,0.3892,1417.0751,lift
206,4,94,index,0.1938,0.7626,-0.8118,0.3897,1422.0621,lift
206,4,94,index,0.1938,0.7626,-0.8118,0.3894,1427.0488,lift
206,4,94,index,0.1938,0.7626,-0.8118,0.3898,1432.036,lift
206,4,94,index,0.1938,0.7626,-0.8118,0.3904,1437.0222,lift
206,4,94,index,0.1938,0.7626,-0.8118,0.3912,1442.0095,lift
206,4,94,index,0.1938,0.7626,-0.8118,0.3915,1446.9954,lift
206,4,94,index,0.1938,0.7626,-0.8118,0.3924,1451.9823,lift
206,4,94,index,0.1938,0.7626,-0.8118,0.3919,1456.9695,lift
206,4,94,index,0.1938,0.7626,-0.8118,0.3878,1461.9555,lift
206,4,94,index,0.1938,0.7626,-0.8118,0.3878,1466.9423,lift
206,4,94,index,0.1938,0.7626,-0.8118,0.3880,1471.9289,lift
206,4,94,index,0.1938,0.7626,-0.8118,0.3881,1476.9154,lift
206,4,94,index,0.1938,0.7626,-0.8118,0.3890,1481.9024,lift
206,4,94,index,0.1938,0.7626,-0.8118,0.3896,1486.8892,lift
206,4,94,index,0.1938,0.7626,-0.8118,0.3883,1491.8755,lift
206,4,94,index,0.1938,0.7626,-0.8118,0.3883,1496.8628,lift
206,4,94,index,0.1938,0.7626,-0.8118,0.3884,1501.8486,lift
206,4,94,index,0.1938,0.7626,-0.8118,0.3886,1506.8358,lift
206,4,94,index,0.1938,0.7626,-0.8118,0.3886,1511.8225,lift
206,4,94,index,0.1938,0.7626,-0.8118,0.3886,1516.8088,lift
206,4,94,index,0.1938,0.7626,-0.8118,0.3886,1521.7952,lift
206,4,94,index,0.1938,0.7626,-0.8118,0.3886,1526.7819,lift
206,4,94,index,0.1938,0.7626,-0.8118,0.3886,1531.7688,lift
206,4,94,index,0.1938,0.7626,-0.8118,0.3883,1536.7556,lift
206,4,94,index,0.1938,0.7626,-0.8118,0.3883,1541.7424,lift
206,4,94,index,0.1938,0.7626,-0.8118,0.3880,1546.7286,lift
206,4,94,index,0.1938,0.7626,-0.8118,0.3880,1551.7152,lift
206,4,94,index,0.1938,0.7626,-0.8118,0.3879,1556.7025,lift
206,4,94,index,0.1938,0.7626,-0.8118,0.3881,1561.6881,lift
206,4,94,index,0.1938,0.7626,-0.8118,0.3881,1566.6757,lift
206,4,94,index,0.1938,0.7626,-0.8118,0.3878,1571.662,lift
206,4,94,index,0.1938,0.7626,-0.8118,0.3876,1576.6489,lift
206,4,94,index,0.1938,0.7626,-0.8118,0.3875,1582.6329,lift
206,4,94,index,0.1938,0.7626,-0.8118,0.3875,1587.6195,lift
206,4,94,index,0.1938,0.7626,-0.8118,0.3877,1592.6066,lift
206,4,94,index,0.1938,0.7626,-0.8118,0.3876,1597.5935,lift
206,4,94,index,0.1938,0.7626,-0.8118,0.3874,1602.5795,lift
206,4,94,index,0.1938,0.7626,-0.8118,0.3868,1607.5666,lift
206,4,94,index,0.1938,0.7626,-0.8118,0.3869,1612.5529,lift
206,4,94,index,0.1938,0.7626,-0.8118,0.3868,1617.5389,lift
206,4,94,index,0.1938,0.7626,-0.8118,0.3867,1622.5265,lift
206,4,94,index,0.1938,0.7626,-0.8118,0.3867,1627.5122,lift
206,4,94,index,0.1938,0.7626,-0.8118,0.3866,1632.4994,lift
206,4,94,index,0.1938,0.7626,-0.8118,0.3865,1637.4857,lift
206,4,94,index,0.1938,0.7626,-0.8118,0.3863,1642.4735,lift
206,4,94,index,0.1938,0.7626,-0.8118,0.3863,1647.4592,lift
206,4,94,index,0.1938,0.7626,-0.8118,0.3862,1652.446,lift
206,4,94,index,0.1938,0.7626,-0.8118,0.3860,1657.4332,lift
206,4,94,index,0.1938,0.7626,-0.8118,0.3860,1662.4195,lift
206,4,94,index,0.1938,0.7626,-0.8118,0.3856,1667.4059,lift
206,4,94,index,0.1938,0.7626,-0.8118,0.3856,1672.3925,lift
206,4,94,index,0.1938,0.7626,-0.8118,0.3855,1677.3789,lift
206,4,94,index,0.1938,0.7626,-0.8118,0.3857,1682.3658,lift
206,4,94,index,0.1938,0.7626,-0.8118,0.3857,1687.3525,lift
206,4,94,index,0.1938,0.7626,-0.8118,0.3858,1692.3393,lift
206,4,94,index,0.1938,0.7626,-0.8118,0.3858,1697.3263,lift
206,4,94,index,0.1938,0.7626,-0.8118,0.3864,1702.0259,lift
206,4,94,index,0.1938,0.7626,-0.8118,0.3862,1706.9999,lift
206,4,94,index,0.1938,0.7626,-0.8118,0.3866,1711.9866,lift
206,4,94,index,0.1938,0.7626,-0.8118,0.3869,1716.9726,lift
206,4,94,index,0.1938,0.7626,-0.8118,0.3869,1721.9603,lift
206,4,94,index,0.1938,0.7626,-0.8118,0.3866,1726.9462,lift
206,4,94,index,0.1938,0.7626,-0.8118,0.3872,1731.933,lift
206,4,94,index,0.1938,0.7626,-0.8118,0.3872,1736.9196,lift
206,4,94,index,0.1938,0.7626,-0.8118,0.3879,1741.9066,lift
206,4,94,index,0.1938,0.7626,-0.8118,0.3881,1746.8928,lift
206,4,94,index,0.1938,0.7626,-0.8118,0.3883,1751.8795,lift
206,4,94,index,0.1938,0.7626,-0.8118,0.3886,1756.8666,lift
206,4,94,index,0.1938,0.7626,-0.8118,0.3891,1761.8531,lift
206,4,94,index,0.1938,0.7626,-0.8118,0.3895,1766.8396,lift
206,4,94,index,0.1938,0.7626,-0.8118,0.3893,1771.8258,lift
206,4,94,index,0.1938,0.7626,-0.8118,0.3898,1776.8131,lift
206,4,94,index,0.1938,0.7626,-0.8118,0.3901,1781.7996,lift
206,4,94,index,0.1938,0.7626,-0.8118,0.3904,1786.7864,lift
206,4,94,index,0.1938,0.7626,-0.8118,0.3913,1791.7726,lift
206,4,94,index,0.1938,0.7626,-0.8118,0.3916,1796.7596,lift
206,4,94,index,0.1938,0.7626,-0.8118,0.3920,1801.7459,replace
206,4,94,index,0.1938,0.7626,-0.8118,0.3923,1806.5271,replace
206,4,94,index,0.1938,0.7626,-0.8118,0.3927,1811.5144,replace
206,4,94,index,0.1938,0.7626,-0.8118,0.3934,1816.5016,replace
206,4,94,index,0.1938,0.7626,-0.8118,0.3942,1821.4874,replace
206,4,94,index,0.1938,0.7626,-0.8118,0.3944,1826.4746,replace
206,4,94,index,0.1938,0.7626,-0.8118,0.3949,1831.4607,replace
206,4,94,index,0.1938,0.7626,-0.8118,0.3952,1836.4482,replace
206,4,94,index,0.1938,0.7626,-0.8118,0.3954,1841.4349,replace
206,4,94,index,0.1938,0.7626,-0.8118,0.3968,1846.4211,replace
206,4,94,index,0.1938,0.7626,-0.8118,0.3970,1851.4082,replace
206,4,94,index,0.1938,0.7626,-0.8118,0.3974,1856.3937,replace
206,4,94,index,0.1938,0.7626,-0.8118,0.3978,1861.3819,replace
206,4,94,index,0.1938,0.7626,-0.8118,0.3989,1866.3677,replace
206,4,94,index,0.1938,0.7626,-0.8118,0.3993,1871.3538,replace
206,4,94,index,0.1938,0.7626,-0.8118,0.3995,1876.3413,replace
206,4,94,index,0.1938,0.7626,-0.8118,0.3999,1881.3272,replace
206,4,94,index,0.1938,0.7626,-0.8118,0.4005,1886.3155,replace
206,4,94,index,0.1938,0.7626,-0.8118,0.4011,1891.301,replace
206,4,94,index,0.1938,0.7626,-0.8118,0.4011,1896.2887,replace
206,4,94,index,0.1938,0.7626,-0.8118,0.4019,1901.274,replace
206,4,94,index,0.1938,0.7626,-0.8118,0.4019,1906.2612,replace
206,4,94,index,0.1938,0.7626,-0.8118,0.4029,1911.2487,replace
206,4,94,index,0.1938,0.7626,-0.8118,0.4033,1916.2339,replace
206,4,94,index,0.1938,0.7626,-0.8118,0.4036,1921.2205,replace
206,4,94,index,0.1938,0.7626,-0.8118,0.4040,1926.2072,replace
206,4,94,index,0.1938,0.7626,-0.8118,0.4048,1931.194,replace
206,4,94,index,0.1938,0.7626,-0.8118,0.4051,1936.1811,replace
206,4,94,index,0.1938,0.7626,-0.8118,0.4055,1941.1677,replace
206,4,94,index,0.1938,0.7626,-0.8118,0.4060,1946.1541,replace
206,4,94,index,0.1938,0.7626,-0.8118,0.4060,1950.1435,replace
206,4,94,index,0.1938,0.7626,-0.8118,0.4069,1955.1297,replace
206,4,94,index,0.1938,0.7626,-0.8118,0.4072,1960.1164,replace
206,4,94,index,0.1938,0.7626,-0.8118,0.4077,1965.103,replace
206,4,94,index,0.1938,0.7626,-0.8118,0.4080,1970.09,replace
206,4,94,index,0.1938,0.7626,-0.8118,0.4080,1975.0778,replace
206,4,94,index,0.1938,0.7626,-0.8118,0.4088,1980.063,replace
206,4,94,index,0.1938,0.7626,-0.8118,0.4092,1985.0498,replace
206,4,94,index,0.1938,0.7626,-0.8118,0.4095,1990.0366,replace
206,4,94,index,0.1938,0.7626,-0.8118,0.4098,1995.0239,replace
206,4,94,index,0.1938,0.7626,-0.8118,0.4103,2000.0096,replace
206,4,94,index,0.1938,0.7626,-0.8118,0.4105,2004.9962,replace
206,4,94,index,0.1938,0.7626,-0.8118,0.4105,2009.983,replace
206,4,94,index,0.1938,0.7626,-0.8118,0.4108,2014.9698,replace
206,4,94,index,0.1938,0.7626,-0.8118,0.4112,2019.9567,replace
206,4,94,index,0.1938,0.7626,-0.8118,0.4113,2024.9431,replace
206,4,94,index,0.1938,0.7626,-0.8118,0.4115,2029.93,replace
206,4,94,index,0.1938,0.7626,-0.8118,0.4119,2034.9162,replace
206,4,94,index,0.1938,0.7626,-0.8118,0.4120,2039.9031,replace
206,4,94,index,0.1938,0.7626,-0.8118,0.4122,2044.8901,replace
206,4,94,index,0.1938,0.7626,-0.8118,0.4124,2049.8764,replace
206,4,94,index,0.1938,0.7626,-0.8118,0.4124,2054.8632,replace
206,4,94,index,0.1938,0.7626,-0.8118,0.4124,2059.8495,replace
206,4,94,index,0.1938,0.7626,-0.8118,0.4125,2064.8361,replace
206,4,94,index,0.1938,0.7626,-0.8118,0.4126,2069.8232,replace
206,4,94,index,0.1938,0.7626,-0.8118,0.4126,2074.8104,replace
206,4,94,index,0.1938,0.7626,-0.8118,0.4128,2079.7962,replace
206,4,94,index,0.1938,0.7626,-0.8118,0.4129,2084.7833,replace
206,4,94,index,0.1938,0.7626,-0.8118,0.4134,2089.7695,replace
206,4,94,index,0.1938,0.7626,-0.8118,0.4134,2094.7566,replace
206,4,94,index,0.1938,0.7626,-0.8118,0.4130,2099.7426,replace
206,4,94,index,0.1938,0.7626,-0.8118,0.4130,2104.7296,replace
206,4,94,index,0.1938,0.7626,-0.8118,0.4130,2109.6645,replace
206,4,94,index,0.1938,0.7626,-0.8118,0.4135,2114.6518,replace
206,4,94,index,0.1938,0.7626,-0.8118,0.4136,2119.6388,replace
206,4,94,index,0.1938,0.7626,-0.8118,0.4131,2124.6247,replace
206,4,94,index,0.1938,0.7626,-0.8118,0.4131,2129.6116,replace
206,4,94,index,0.1938,0.7626,-0.8118,0.4131,2134.5981,replace
206,4,94,index,0.1938,0.7626,-0.8118,0.4134,2139.5851,replace
206,4,94,index,0.1938,0.7626,-0.8118,0.4136,2144.5718,replace
206,4,94,index,0.1938,0.7626,-0.8118,0.4131,2149.5581,replace
206,4,94,index,0.1938,0.7626,-0.8118,0.4130,2154.5449,replace
206,4,94,index,0.1938,0.7626,-0.8118,0.4130,2159.5312,replace
206,4,94,index,0.1938,0.7626,-0.8118,0.4130,2164.5181,replace
206,4,94,index,0.1938,0.7626,-0.8118,0.4131,2169.5056,replace
206,4,94,index,0.1938,0.7626,-0.8118,0.4131,2174.4918,replace
206,4,94,index,0.1938,0.7626,-0.8118,0.4128,2179.478,replace
206,4,94,index,0.1938,0.7626,-0.8118,0.4127,2184.4651,replace
206,4,94,index,0.1938,0.7626,-0.8118,0.4127,2189.4511,replace
206,4,94,index,0.1938,0.7626,-0.8118,0.4128,2194.4377,replace
206,4,94,index,0.1938,0.7626,-0.8118,0.4128,2199.4248,replace
206,4,94,index,0.1938,0.7626,-0.8118,0.4126,2204.4115,replace
206,4,94,index,0.1938,0.7626,-0.8118,0.4126,2209.3986,replace
206,4,94,index,0.1938,0.7626,-0.8118,0.4125,2214.3841,replace
206,4,94,index,0.1938,0.7626,-0.8118,0.4126,2219.3713,replace
206,4,94,index,0.1938,0.7626,-0.8118,0.4126,2224.3585,replace
206,4,94,index,0.1938,0.7626,-0.8118,0.4121,2229.3454,replace
206,4,94,index,0.1938,0.7626,-0.8118,0.4119,2234.3313,replace
206,4,94,index,0.1938,0.7626,-0.8118,0.4118,2239.3176,replace
206,4,94,index,0.1938,0.7626,-0.8118,0.4119,2244.3046,replace
206,4,94,index,0.1938,0.7626,-0.8118,0.4120,2249.292,replace
206,4,94,index,0.1938,0.7626,-0.8118,0.4118,2254.2781,replace
206,4,94,index,0.1938,0.7626,-0.8118,0.4116,2259.2644,replace
206,4,94,index,0.1938,0.7626,-0.8118,0.4115,2264.2513,replace
206,4,94,index,0.1938,0.7626,-0.8118,0.4113,2269.2381,replace
206,4,94,index,0.1938,0.7626,-0.8118,0.4110,2274.2256,replace
206,4,94,index,0.1938,0.7626,-0.8118,0.4108,2279.2118,replace
206,4,94,index,0.1938,0.7626,-0.8118,0.4106,2284.1976,replace
206,4,94,index,0.1938,0.7626,-0.8118,0.4104,2289.1846,replace
206,4,94,index,0.1938,0.7626,-0.8118,0.4103,2294.1714,replace
206,4,94,index,0.1938,0.7626,-0.8118,0.4104,2299.1581,replace
206,4,94,index,0.1938,0.7626,-0.8118,0.4103,2304.1442,replace
206,4,94,index,0.1938,0.7626,-0.8118,0.4102,2308.9955,replace
206,4,94,index,0.1938,0.7626,-0.8118,0.4100,2313.9809,replace
206,4,94,index,0.1938,0.7626,-0.8118,0.4098,2318.9679,replace
206,4,94,index,0.1938,0.7626,-0.8118,0.4095,2323.9543,replace
206,4,94,index,0.1938,0.7626,-0.8118,0.4092,2328.941,replace
206,4,94,index,0.1938,0.7626,-0.8118,0.4088,2333.9277,replace
206,4,94,index,0.1938,0.7626,-0.8118,0.4087,2338.9144,replace
206,4,94,index,0.1938,0.7626,-0.8118,0.4086,2343.9015,replace
206,4,94,index,0.1938,0.7626,-0.8118,0.4084,2348.8878,replace
206,4,94,index,0.1938,0.7626,-0.8118,0.4087,2353.8747,replace
206,4,94,index,0.1938,0.7626,-0.8118,0.4084,2358.8613,replace
206,4,94,index,0.1938,0.7626,-0.8118,0.4079,2363.8483,replace
206,4,94,index,0.1938,0.7626,-0.8118,0.4078,2368.8343,replace
206,4,94,index,0.1938,0.7626,-0.8118,0.4076,2373.8215,replace
206,4,94,index,0.1938,0.7626,-0.8118,0.4075,2378.8084,replace
206,4,94,index,0.1938,0.7626,-0.8118,0.4074,2383.7941,replace
206,4,94,index,0.1938,0.7626,-0.8118,0.4073,2388.7811,replace
206,4,94,index,0.1938,0.7626,-0.8118,0.4071,2393.7675,replace
206,4,94,index,0.1938,0.7626,-0.8118,0.4067,2398.754,replace
206,4,94,index,0.1938,0.7626,-0.8118,0.4068,2403.7409,replace
206,4,94,index,0.1938,0.7626,-0.8118,0.4068,2408.5813,replace
206,4,94,index,0.1938,0.7626,-0.8118,0.4063,2413.5658,replace
206,4,94,index,0.1938,0.7626,-0.8118,0.4063,2418.5533,replace
206,4,94,index,0.1938,0.7626,-0.8118,0.4062,2423.5391,replace
206,4,94,index,0.1938,0.7626,-0.8118,0.4058,2428.5259,replace
206,4,94,index,0.1938,0.7626,-0.8118,0.4056,2433.5126,replace
206,4,94,index,0.1938,0.7626,-0.8118,0.4055,2438.4992,replace
206,4,94,index,0.1938,0.7626,-0.8118,0.4053,2443.4862,replace
206,4,94,index,0.1938,0.7626,-0.8118,0.4051,2448.4732,replace
206,4,94,index,0.1938,0.7626,-0.8118,0.4050,2453.4606,replace
206,4,94,index,0.1938,0.7626,-0.8118,0.4049,2458.4458,replace
206,4,94,index,0.1938,0.7626,-0.8118,0.4048,2463.4332,replace
206,4,94,index,0.1938,0.7626,-0.8118,0.4045,2468.4193,replace
206,4,94,index,0.1938,0.7626,-0.8118,0.4043,2473.4069,replace
206,4,94,index,0.1938,0.7626,-0.8118,0.4041,2478.393,replace
206,4,94,index,0.1938,0.7626,-0.8118,0.4041,2483.3793,replace
206,4,94,index,0.1938,0.7626,-0.8118,0.4040,2488.3656,replace
206,4,94,index,0.1938,0.7626,-0.8118,0.4035,2493.3525,replace
206,4,94,index,0.1938,0.7626,-0.8118,0.4033,2498.3395,replace
206,4,94,index,0.1938,0.7626,-0.8118,0.4032,2503.3265,replace
206,4,94,index,0.1938,0.7626,-0.8118,0.4032,2507.5658,replace
206,4,94,index,0.1938,0.7626,-0.8118,0.4030,2512.552,replace
206,4,94,index,0.1938,0.7626,-0.8118,0.4029,2517.5386,replace
206,4,94,index,0.1938,0.7626,-0.8118,0.4027,2522.5255,replace
206,4,94,index,0.1938,0.7626,-0.8118,0.4026,2527.5116,replace
206,4,94,index,0.1938,0.7626,-0.8118,0.4017,2532.4993,replace
206,4,94,index,0.1938,0.7626,-0.8118,0.4015,2537.486,replace
206,4,94,index,0.1938,0.7626,-0.8118,0.4013,2542.4726,replace
206,4,94,index,0.1938,0.7626,-0.8118,0.4010,2547.4587,replace
206,4,94,index,0.1938,0.7626,-0.8118,0.4007,2552.4454,replace
206,4,94,index,0.1938,0.7626,-0.8118,0.4006,2557.4318,replace
206,4,94,index,0.1938,0.7626,-0.8118,0.4006,2562.4197,replace
206,4,94,index,0.1938,0.7626,-0.8118,0.4003,2567.4054,replace
206,4,94,index,0.1938,0.7626,-0.8118,0.4000,2572.3918,replace
206,4,94,index,0.1938,0.7626,-0.8118,0.3998,2577.3786,replace
206,4,94,index,0.1938,0.7626,-0.8118,0.3993,2582.3656,replace
206,4,94,index,0.1938,0.7626,-0.8118,0.3993,2587.3527,replace
206,4,94,index,0.1938,0.7626,-0.8118,0.3986,2592.3387,replace
206,4,94,index,0.1938,0.7626,-0.8118,0.3984,2597.3253,replace
206,4,94,index,0.1938,0.7626,-0.8118,0.3982,2602.312,replace
206,4,94,index,0.1938,0.7626,-0.8118,0.3979,2607.2996,replace
206,4,94,index,0.1938,0.7626,-0.8118,0.3975,2612.2853,replace
206,4,94,index,0.1938,0.7626,-0.8118,0.3972,2617.2719,replace
206,4,94,index,0.1938,0.7626,-0.8118,0.3970,2622.2585,replace
206,4,94,index,0.1938,0.7626,-0.8118,0.3966,2627.2452,replace
206,4,94,index,0.1938,0.7626,-0.8118,0.3962,2632.2317,replace
206,4,94,index,0.1938,0.7626,-0.8118,0.3957,2637.2185,replace
206,4,94,index,0.1938,0.7626,-0.8118,0.3954,2642.2056,replace
206,4,94,index,0.1938,0.7626,-0.8118,0.3951,2647.192,replace
206,4,94,index,0.1938,0.7626,-0.8118,0.3948,2652.1787,replace
206,4,94,index,0.1938,0.7626,-0.8118,0.3945,2657.166,replace
206,4,94,index,0.1938,0.7626,-0.8118,0.3942,2662.1521,replace
206,4,94,index,0.1938,0.7626,-0.8118,0.3936,2667.1387,replace
206,4,94,index,0.1938,0.7626,-0.8118,0.3934,2672.1251,replace
206,4,94,index,0.1938,0.7626,-0.8118,0.3930,2677.1118,replace
206,4,94,index,0.1938,0.7626,-0.8118,0.3926,2682.0988,replace
206,4,94,index,0.1938,0.7626,-0.8118,0.3924,2687.0856,replace
206,4,94,index,0.1938,0.7626,-0.8118,0.3919,2692.0721,replace
206,4,94,index,0.1938,0.7626,-0.8118,0.3916,2697.059,replace
206,4,94,index,0.1938,0.7626,-0.8118,0.3913,2702.0451,replace
206,4,94,index,0.1938,0.7626,-0.8118,0.3910,2707.0327,replace
206,4,94,index,0.1938,0.7626,-0.8118,0.3903,2712.0184,replace
206,4,94,index,0.1938,0.7626,-0.8118,0.3901,2717.0052,replace
206,4,94,index,0.1938,0.7626,-0.8118,0.3900,2721.9913,replace
206,4,94,index,0.1938,0.7626,-0.8118,0.3897,2726.9784,replace
206,4,94,index,0.1938,0.7626,-0.8118,0.3894,2731.9658,replace
206,4,94,index,0.1938,0.7626,-0.8118,0.3888,2736.9522,replace
206,4,94,index,0.1938,0.7626,-0.8118,0.3887,2741.9392,replace
206,4,94,index,0.1938,0.7626,-0.8118,0.3884,2746.9253,replace
206,4,94,index,0.1938,0.7626,-0.8118,0.3881,2751.9117,replace
206,4,94,index,0.1938,0.7626,-0.8118,0.3880,2756.8981,replace
206,4,94,index,0.1938,0.7626,-0.8118,0.3877,2761.8846,replace
206,4,94,index,0.1938,0.7626,-0.8118,0.3872,2766.8719,replace
206,4,94,index,0.1938,0.7626,-0.8118,0.3871,2771.8581,replace
206,4,94,index,0.1938,0.7626,-0.8118,0.3870,2776.8451,replace
206,4,94,index,0.1938,0.7626,-0.8118,0.3867,2781.8318,replace
206,4,94,index,0.1938,0.7626,-0.8118,0.3865,2786.8191,replace
206,4,94,index,0.1938,0.7626,-0.8118,0.3862,2791.805,replace
206,4,94,index,0.1938,0.7626,-0.8118,0.3858,2796.7922,replace
206,4,94,index,0.1938,0.7626,-0.8118,0.3857,2801.778,replace
206,4,94,index,0.1938,0.7626,-0.8118,0.3856,2806.765,replace
206,4,94,index,0.1938,0.7626,-0.8118,0.3854,2811.7521,replace
206,4,94,index,0.1938,0.7626,-0.8118,0.3851,2816.7384,replace
206,4,94,index,0.1938,0.7626,-0.8118,0.3851,2821.7251,replace
206,4,94,index,0.1938,0.7626,-0.8118,0.3852,2826.7119,replace
206,4,94,index,0.1938,0.7626,-0.8118,0.3849,2831.6984,replace
206,4,94,index,0.1938,0.7626,-0.8118,0.3848,2836.6856,replace
206,4,94,index,0.1938,0.7626,-0.8118,0.3848,2841.6723,replace
206,4,94,index,0.1938,0.7626,-0.8118,0.3845,2846.6589,replace
206,4,94,index,0.1938,0.7626,-0.8118,0.3843,2851.6449,replace
206,4,94,index,0.1938,0.7626,-0.8118,0.3842,2856.6316,replace
206,4,94,index,0.1938,0.7626,-0.8118,0.3840,2861.6183,replace
206,4,94,index,0.1938,0.7626,-0.8118,0.3839,2866.6051,replace
206,4,94,index,0.1938,0.7626,-0.8118,0.3839,2871.5912,replace
206,4,94,index,0.1938,0.7626,-0.8118,0.3839,2876.5791,replace
206,4,94,index,0.1938,0.7626,-0.8118,0.3841,2881.5645,replace
206,4,94,index,0.1938,0.7626,-0.8118,0.3842,2886.5517,replace
206,4,94,index,0.1938,0.7626,-0.8118,0.3838,2891.538,replace
206,4,94,index,0.1938,0.7626,-0.8118,0.3837,2896.5253,replace
206,4,94,index,0.1938,0.7626,-0.8118,0.3839,2901.511,replace
206,4,94,index,0.1938,0.7626,-0.8118,0.3842,2906.498,replace
206,4,94,index,0.1938,0.7626,-0.8118,0.3842,2910.9554,replace
206,4,94,index,0.1938,0.7626,-0.8118,0.3839,2915.9253,replace
206,4,94,index,0.1938,0.7626,-0.8118,0.3839,2920.9121,replace
206,4,94,index,0.1938,0.7626,-0.8118,0.3840,2925.8988,replace
206,4,94,index,0.1938,0.7626,-0.8118,0.3840,2930.8857,replace
206,4,94,index,0.1938,0.7626,-0.8118,0.3843,2935.8723,replace
206,4,94,index,0.1938,0.7626,-0.8118,0.3844,2940.8591,replace
206,4,94,index,0.1938,0.7626,-0.8118,0.3843,2945.8451,replace
206,4,94,index,0.1938,0.7626,-0.8118,0.3842,2950.8319,replace
206,4,94,index,0.1938,0.7626,-0.8118,0.3842,2955.8191,replace
206,4,94,index,0.1938,0.7626,-0.8118,0.3843,2960.8053,replace
206,4,94,index,0.1938,0.7626,-0.8118,0.3844,2965.7919,return
206,4,94,index,0.1938,0.7626,-0.8118,0.3844,2970.7789,return
206,4,94,index,0.1938,0.7626,-0.8118,0.3844,2975.7653,return
206,4,94,index,0.1938,0.7626,-0.8118,0.3845,2980.7519,return
206,4,94,index,0.1938,0.7626,-0.8118,0.3845,2985.7389,return
206,4,94,index,0.1938,0.7626,-0.8118,0.3845,2990.7254,return
206,4,94,index,0.1938,0.7626,-0.8118,0.3845,2995.7122,return
206,4,94,index,0.1938,0.7626,-0.8118,0.3846,3000.6987,return
206,4,94,index,0.1938,0.7626,-0.8118,0.3847,3005.6851,return
206,4,94,index,0.1938,0.7626,-0.8118,0.3847,3010.6716,return
206,4,94,index,0.1938,0.7626,-0.8118,0.3848,3015.6583,return
206,4,94,index,0.1938,0.7626,-0.8118,0.3849,3020.6453,return
206,4,94,index,0.1938,0.7626,-0.8118,0.3847,3025.632,return
206,4,94,index,0.1938,0.7626,-0.8118,0.3847,3030.6192,return
206,4,94,index,0.1938,0.7626,-0.8118,0.3848,3035.6049,return
206,4,94,index,0.1938,0.7626,-0.8118,0.3848,3040.592,return
206,4,94,index,0.1938,0.7626,-0.8118,0.3850,3045.5788,return
206,4,94,index,0.1938,0.7626,-0.8118,0.3850,3050.565,return
206,4,94,index,0.1938,0.7626,-0.8118,0.3850,3055.5517,return
206,4,94,index,0.1938,0.7626,-0.8118,0.3850,3060.5385,return
206,4,94,index,0.1938,0.7626,-0.8118,0.3850,3065.5258,return
206,4,94,index,0.1938,0.7626,-0.8118,0.3851,3070.5121,return
206,4,94,index,0.1938,0.7626,-0.8118,0.3852,3075.4988,return
206,4,94,index,0.1938,0.7626,-0.8118,0.3852,3080.4851,return
206,4,94,index,0.1938,0.7626,-0.8118,0.3853,3085.4723,return
206,4,94,index,0.1938,0.7626,-0.8118,0.3856,3090.4592,return
206,4,94,index,0.1938,0.7626,-0.8118,0.3856,3095.446,return
206,4,94,index,0.1938,0.7626,-0.8118,0.3856,3100.4317,return
206,4,94,index,0.1938,0.7626,-0.8118,0.3857,3105.4184,return
206,4,94,index,0.1938,0.7626,-0.8118,0.3857,3110.4051,return
206,4,94,index,0.1938,0.7626,-0.8118,0.3857,3115.0735,return
206,4,94,index,0.1938,0.7626,-0.8118,0.3858,3120.0603,return
206,4,94,index,0.1938,0.7626,-0.8118,0.3858,3125.0472,return
206,4,94,index,0.1938,0.7626,-0.8118,0.3858,3130.0341,return
206,4,94,index,0.1938,0.7626,-0.8118,0.3858,3135.0203,return
206,4,94,index,0.1938,0.7626,-0.8118,0.3859,3140.0074,return
206,4,94,index,0.1938,0.7626,-0.8118,0.3862,3144.9939,return
206,4,94,index,0.1938,0.7626,-0.8118,0.3862,3149.9801,return
206,4,94,index,0.1938,0.7626,-0.8118,0.3862,3154.967,return
206,4,94,index,0.1938,0.7626,-0.8118,0.3862,3159.9534,return
206,4,94,index,0.1938,0.7626,-0.8118,0.3863,3164.9405,return
206,4,94,index,0.1938,0.7626,-0.8118,0.3868,3169.927,return
206,4,94,index,0.1938,0.7626,-0.8118,0.3868,3174.9139,return
206,4,94,index,0.1938,0.7626,-0.8118,0.3867,3179.9,return
206,4,94,index,0.1938,0.7626,-0.8118,0.3867,3184.8871,return
206,4,94,index,0.1938,0.7626,-0.8118,0.3867,3189.8733,return
206,4,94,index,0.1938,0.7626,-0.8118,0.3869,3194.8599,return
206,4,94,index,0.1938,0.7626,-0.8118,0.3869,3199.847,return
206,4,94,index,0.1938,0.7626,-0.8118,0.3868,3204.8335,return
206,4,94,index,0.1938,0.7626,-0.8118,0.3868,3209.8205,return
206,4,94,index,0.1938,0.7626,-0.8118,0.3869,3214.8064,return
206,4,94,index,0.1938,0.7626,-0.8118,0.3871,3219.7935,return
206,4,94,index,0.1938,0.7626,-0.8118,0.3872,3224.7798,return
206,4,94,index,0.1938,0.7626,-0.8118,0.3872,3229.7673,return
206,4,94,index,0.1938,0.7626,-0.8118,0.3872,3234.7535,return
206,4,94,index,0.1938,0.7626,-0.8118,0.3873,3239.74,return
206,4,94,index,0.1938,0.7626,-0.8118,0.3873,3244.7265,return
206,4,94,index,0.1938,0.7626,-0.8118,0.3874,3249.7132,return
206,4,94,index,0.1938,0.7626,-0.8118,0.3874,3254.7,return
206,4,94,index,0.1938,0.7626,-0.8118,0.3875,3259.6866,return
206,4,94,index,0.1938,0.7626,-0.8118,0.3875,3264.6738,return
206,4,94,index,0.1938,0.7626,-0.8118,0.3875,3269.6598,return
206,4,94,index,0.1938,0.7626,-0.8118,0.3877,3274.6475,return
206,4,94,index,0.1938,0.7626,-0.8118,0.3876,3279.6333,return
206,4,94,index,0.1938,0.7626,-0.8118,0.3876,3284.6199,return
206,4,94,index,0.1938,0.7626,-0.8118,0.3876,3289.6063,return
206,4,94,index,0.1938,0.7626,-0.8118,0.3876,3294.5939,return
206,4,94,index,0.1938,0.7626,-0.8118,0.3878,3299.5802,return
206,4,94,index,0.1938,0.7626,-0.8118,0.3878,3304.5667,return
206,4,94,index,0.1938,0.7626,-0.8118,0.3878,3309.5537,return
206,4,94,index,0.1938,0.7626,-0.8118,0.3878,3314.54,return
206,4,94,index,0.1938,0.7626,-0.8118,0.3850,3319.5269,return
206,4,94,index,0.1938,0.7626,-0.8118,0.3849,3324.5136,return
206,4,94,index,0.1938,0.7626,-0.8118,0.3849,3329.4999,return
206,4,94,index,0.1938,0.7626,-0.8118,0.3849,3334.4864,return
206,4,94,index,0.1938,0.7626,-0.8118,0.3849,3339.4732,return
206,4,94,index,0.1938,0.7626,-0.8118,0.3850,3344.4604,return
206,4,94,index,0.1938,0.7626,-0.8118,0.3851,3349.4468,return
206,4,94,index,0.1938,0.7626,-0.8118,0.3851,3354.4336,return
206,4,94,index,0.1938,0.7626,-0.8118,0.3851,3359.42,return
206,4,94,index,0.1938,0.7626,-0.8118,0.3852,3364.4069,return
206,4,94,index,0.1938,0.7626,-0.8118,0.3851,3369.3937,return
206,4,94,index,0.1938,0.7626,-0.8118,0.3851,3374.3814,return
206,4,94,index,0.1938,0.7626,-0.8118,0.3851,3379.3666,return
206,4,94,index,0.1938,0.7626,-0.8118,0.3851,3384.3531,return
206,4,94,index,0.1938,0.7626,-0.8118,0.3851,3389.3399,return
206,4,94,index,0.1938,0.7626,-0.8118,0.3852,3394.3263,return
206,4,94,index,0.1938,0.7626,-0.8118,0.3852,3399.3136,return
206,4,94,index,0.1938,0.7626,-0.8118,0.3852,3404.2996,return
206,4,94,index,0.1938,0.7626,-0.8118,0.3852,3409.2876,return
206,4,94,index,0.1938,0.7626,-0.8118,0.3853,3413.9352,return
206,4,94,index,0.1938,0.7626,-0.8118,0.3853,3418.9228,return
206,4,94,index,0.1938,0.7626,-0.8118,0.3853,3423.9091,return
206,4,94,index,0.1938,0.7626,-0.8118,0.3853,3428.8961,return
206,4,94,index,0.1938,0.7626,-0.8118,0.3853,3433.882,return
206,4,94,index,0.1938,0.7626,-0.8118,0.3853,3438.8687,return
206,4,94,index,0.1938,0.7626,-0.8118,0.3855,3443.8558,return
206,4,94,index,0.1938,0.7626,-0.8118,0.3855,3448.8425,return
206,4,94,index,0.1938,0.7626,-0.8118,0.3855,3453.8289,return
206,4,94,index,0.1938,0.7626,-0.8118,0.3855,3458.8155,return
206,4,94,index,0.1938,0.7626,-0.8118,0.3855,3463.802,return
206,4,94,index,0.1938,0.7626,-0.8118,0.3856,3468.7886,return
206,4,94,index,0.1938,0.7626,-0.8118,0.3851,3473.7757,return
206,4,94,index,0.1938,0.7626,-0.8118,0.3856,3478.7625,return
206,4,94,index,0.1938,0.7626,-0.8118,0.3856,3483.7487,return
206,4,94,index,0.1938,0.7626,-0.8118,0.3856,3488.7354,return
206,4,94,index,0.1938,0.7626,-0.8118,0.3855,3493.7218,return
206,4,94,index,0.1938,0.7626,-0.8118,0.3856,3498.7093,return
206,4,94,index,-0.0561,0.7722,-0.5086,0.0094,3503.6957,return
206,4,94,index,-0.0561,0.7722,-0.5086,0.0094,3508.6833,return
206,4,94,index,-0.0561,0.7722,-0.5086,0.0092,3513.2318,return
206,4,94,index,-0.0561,0.7722,-0.5086,0.0093,3518.2187,return
206,4,94,index,-0.0561,0.7722,-0.5086,0.0088,3523.2053,return
206,4,94,index,-0.0561,0.7722,-0.5086,0.0092,3528.1923,return
206,4,94,index,-0.0561,0.7722,-0.5086,0.0092,3533.1787,return
206,4,94,index,-0.0561,0.7722,-0.5086,0.0089,3538.1649,return
206,4,94,index,-0.0561,0.7722,-0.5086,0.0089,3543.1523,return
206,4,94,index,-0.0561,0.7722,-0.5086,0.0088,3548.138,return
206,4,94,index,-0.0561,0.7722,-0.5086,0.0088,3553.1255,return
206,4,94,index,-0.0561,0.7722,-0.5086,0.0092,3558.1116,return
206,4,94,index,-0.0561,0.7722,-0.5086,0.0092,3563.0987,return
206,4,94,index,-0.0561,0.7722,-0.5086,0.0091,3568.0848,return
206,4,94,index,-0.0561,0.7722,-0.5086,0.0091,3573.0724,return
206,4,94,index,-0.0561,0.7722,-0.5086,0.0090,3578.0589,return
206,4,94,index,-0.0561,0.7722,-0.5086,0.0090,3583.0454,return
206,4,94,index,-0.0561,0.7722,-0.5086,0.0097,3588.0313,return
206,4,94,index,-0.0561,0.7722,-0.5086,0.0098,3593.0184,return
206,4,94,index,-0.0561,0.7722,-0.5086,0.0099,3598.0049,return
206,4,94,index,-0.0561,0.7722,-0.5086,0.0100,3602.9915,return
206,4,94,index,-0.0561,0.7722,-0.5086,0.0093,3607.9796,return
206,4,94,index,-0.0561,0.7722,-0.5086,0.0096,3612.4833,return
206,4,94,index,-0.0561,0.7722,-0.5086,0.0096,3617.4604,return
206,4,94,index,-0.0561,0.7722,-0.5086,0.0095,3622.4467,return
206,4,94,index,-0.0561,0.7722,-0.5086,0.0094,3627.4329,return
206,4,94,index,-0.0561,0.7722,-0.5086,0.0094,3632.421,return
206,4,94,index,-0.0561,0.7722,-0.5086,0.0148,3637.4069,return
206,4,94,index,-0.0561,0.7722,-0.5086,0.0155,3642.3935,return
206,4,94,index,-0.0561,0.7722,-0.5086,0.0145,3647.38,return
206,4,94,index,-0.0561,0.7722,-0.5086,0.0146,3652.367,return
206,4,94,index,-0.0561,0.7722,-0.5086,0.0147,3657.3538,return
206,4,94,index,-0.0561,0.7722,-0.5086,0.0132,3662.3402,return
206,4,94,index,-0.0561,0.7722,-0.5086,0.0131,3667.3268,return
206,4,94,index,-0.0561,0.7722,-0.5086,0.0130,3672.3132,return
206,4,94,index,-0.0561,0.7722,-0.5086,0.0131,3677.2996,return
206,4,94,index,-0.0561,0.7722,-0.5086,0.0126,3682.2863,return
206,4,94,index,-0.0561,0.7722,-0.5086,0.0125,3687.274,return
206,4,94,index,-0.0561,0.7722,-0.5086,0.0130,3692.2601,return
206,4,94,index,-0.0561,0.7722,-0.5086,0.0130,3697.2467,return
206,4,94,index,-0.0561,0.7722,-0.5086,0.0129,3702.2333,return
206,4,94,index,-0.0561,0.7722,-0.5086,0.0115,3707.22,return
206,4,94,index,-0.0561,0.7722,-0.5086,0.0114,3712.2071,return
206,4,94,index,-0.0561,0.7722,-0.5086,0.0119,3717.1938,return
206,4,94,index,-0.0561,0.7722,-0.5086,0.0119,3722.1801,return
206,4,94,index,-0.0561,0.7722,-0.5086,0.0118,3727.1668,return
206,4,94,index,-0.0561,0.7722,-0.5086,0.0123,3732.1537,return
206,4,94,index,-0.0561,0.7722,-0.5086,0.0123,3737.1403,return
206,4,94,index,-0.0561,0.7722,-0.5086,0.0131,3742.1273,return
206,4,94,index,-0.0561,0.7722,-0.5086,0.0130,3747.1132,return
206,4,94,index,-0.0561,0.7722,-0.5086,0.0130,3752.1004,return
206,4,94,index,-0.0561,0.7722,-0.5086,0.0131,3757.0865,return
206,4,94,index,-0.0561,0.7722,-0.5086,0.0125,3762.0739,return
206,4,94,index,-0.0561,0.7722,-0.5086,0.0132,3767.0605,return
206,4,94,index,-0.0561,0.7722,-0.5086,0.0131,3772.0464,return
206,4,94,index,-0.0561,0.7722,-0.5086,0.0137,3777.0334,return
206,4,94,index,-0.0561,0.7722,-0.5086,0.0136,3782.0196,return
206,4,94,index,-0.0561,0.7722,-0.5086,0.0123,3787.0068,return
206,4,94,index,-0.0561,0.7722,-0.5086,0.0122,3791.9932,return
206,4,94,index,-0.0561,0.7722,-0.5086,0.0135,3796.9804,return
206,4,94,index,-0.0561,0.7722,-0.5086,0.0134,3801.9664,return
206,4,94,index,-0.0561,0.7722,-0.5086,0.0134,3806.9534,return
206,4,94,index,-0.0561,0.7722,-0.5086,0.0197,3811.9397,return
206,4,94,index,-0.0561,0.7722,-0.5086,0.0128,3816.927,return
206,4,94,index,-0.0561,0.7722,-0.5086,0.0137,3821.9137,return
206,4,94,index,-0.0561,0.7722,-0.5086,0.0136,3826.9,return
206,4,94,index,-0.0561,0.7722,-0.5086,0.0136,3831.8863,return
206,4,94,index,-0.0561,0.7722,-0.5086,0.0133,3836.8736,return
206,4,94,index,-0.0561,0.7722,-0.5086,0.0133,3841.8601,return
206,4,94,index,-0.0561,0.7722,-0.5086,0.0130,3846.8466,return
206,4,94,index,-0.0561,0.7722,-0.5086,0.0203,3851.8332,return
206,4,94,index,-0.0561,0.7722,-0.5086,0.0207,3856.8206,return
206,4,94,index,-0.0561,0.7722,-0.5086,0.0204,3861.8069,return
206,4,94,index,-0.0561,0.7722,-0.5086,0.0208,3866.7933,return
206,4,94,index,-0.0561,0.7722,-0.5086,0.0144,3871.7796,return
206,4,94,index,-0.0532,0.7636,-0.5192,0.0156,3876.7669,return
206,4,94,index,-0.0496,0.7608,-0.5197,0.0176,3881.7526,return
206,4,94,index,-0.0497,0.7607,-0.5200,0.0174,3886.7401,return
206,4,94,index,-0.0501,0.7607,-0.5206,0.0170,3891.7263,return
206,4,94,index,-0.0503,0.7608,-0.5209,0.0167,3896.7132,return
206,4,94,index,-0.0493,0.7468,-0.5180,0.0302,3901.6992,return
206,4,94,index,-0.0512,0.7478,-0.5194,0.0285,3906.6869,return
206,4,94,index,-0.0531,0.7612,-0.5226,0.0151,3911.6734,return
206,4,94,index,-0.0531,0.7621,-0.5231,0.0140,3916.4199,return
206,4,94,index,-0.0534,0.7623,-0.5236,0.0136,3921.4063,return
206,4,94,index,-0.0525,0.7620,-0.5240,0.0137,3926.3929,return
206,4,94,index,-0.0568,0.7733,-0.5335,0.0140,3931.3792,return
206,4,94,index,-0.0534,0.7626,-0.5251,0.0010,3936.3669,return
206,4,94,index,-0.0540,0.7627,-0.5259,0.0015,3941.3529,return
206,4,94,index,-0.0574,0.7634,-0.5276,0.0048,3946.3394,return
206,4,94,index,-0.0564,0.7636,-0.5284,0.0047,3951.3267,return
206,4,94,index,-0.0571,0.7643,-0.5292,0.0059,3956.3124,return
206,4,94,index,-0.0577,0.7646,-0.5301,0.0070,3961.2995,return
206,4,94,index,-0.0584,0.7649,-0.5312,0.0084,3966.2867,return
206,4,94,index,-0.0597,0.7649,-0.5333,0.0108,3971.2726,return
206,4,94,index,-0.0607,0.7660,-0.5343,0.0124,3976.2594,return
206,4,94,index,-0.0609,0.7666,-0.5350,0.0132,3981.2459,return
206,4,94,index,-0.0614,0.7669,-0.5360,0.0144,3986.2335,return
206,4,94,index,-0.0620,0.7674,-0.5382,0.0166,3991.2196,return
206,4,94,index,-0.0615,0.7674,-0.5393,0.0173,3996.206,return
206,4,94,index,-0.0617,0.7678,-0.5404,0.0184,4001.1926,return
206,4,94,index,-0.0616,0.7684,-0.5412,0.0192,4006.1797,return
206,4,94,index,-0.0617,0.7690,-0.5423,0.0204,4011.1679,return
206,4,94,index,-0.0619,0.7697,-0.5449,0.0230,4016.1526,return
206,4,94,index,-0.0619,0.7697,-0.5449,0.0230,4021.1393,return
206,4,94,index,-0.0614,0.7703,-0.5472,0.0251,4026.1262,return
206,4,94,index,-0.0611,0.7708,-0.5484,0.0262,4031.1129,return
206,4,94,index,-0.0608,0.7717,-0.5496,0.0275,4036.1,return
206,4,94,index,-0.0605,0.7723,-0.5510,0.0289,4041.0861,return
206,4,94,index,-0.0601,0.7727,-0.5525,0.0303,4046.0723,return
206,4,94,index,-0.0593,0.7735,-0.5554,0.0331,4051.0591,return
206,4,94,index,-0.0586,0.7740,-0.5570,0.0347,4056.046,return
206,4,94,index,-0.0582,0.7747,-0.5583,0.0360,4061.0326,return
206,4,94,index,-0.0575,0.7751,-0.5601,0.0378,4066.0195,return
206,4,94,index,-0.0566,0.7763,-0.5638,0.0416,4071.0063,return
206,4,94,index,-0.0566,0.7763,-0.5638,0.0416,4075.9926,return
206,4,94,index,-0.0547,0.7774,-0.5675,0.0455,4080.9791,return
206,4,94,index,-0.0540,0.7784,-0.5693,0.0474,4085.966,return
206,4,94,index,-0.0526,0.7801,-0.5736,0.0521,4090.9528,return
206,4,94,index,-0.0526,0.7801,-0.5736,0.0521,4095.9398,return
206,4,94,index,-0.0509,0.7821,-0.5780,0.0569,4100.926,return
206,4,94,index,-0.0499,0.7833,-0.5803,0.0596,4105.9123,return
206,4,94,index,-0.0488,0.7842,-0.5830,0.0624,4110.8995,return
206,4,94,index,-0.0478,0.7851,-0.5852,0.0649,4115.6371,return
206,4,94,index,-0.0457,0.7878,-0.5901,0.0707,4120.6028,return
206,4,94,index,-0.0446,0.7891,-0.5926,0.0736,4125.5888,return
206,4,94,index,-0.0431,0.7904,-0.5951,0.0765,4130.5761,return
206,4,94,index,-0.0420,0.7918,-0.5975,0.0794,4135.562,return
206,4,94,index,-0.0406,0.7932,-0.6001,0.0825,4140.5494,return
206,4,94,index,-0.0373,0.7961,-0.6050,0.0887,4145.5358,return
206,4,94,index,-0.0356,0.7974,-0.6076,0.0918,4150.5221,return
206,4,94,index,-0.0339,0.7988,-0.6099,0.0948,4155.5086,return
206,4,94,index,-0.0319,0.8003,-0.6123,0.0980,4160.4952,return
206,4,94,index,-0.0298,0.8013,-0.6149,0.1011,4165.483,return
206,4,94,index,-0.0253,0.8036,-0.6195,0.1073,4170.469,return
206,4,94,index,-0.0253,0.8036,-0.6195,0.1073,4175.456,return
206,4,94,index,-0.0207,0.8059,-0.6245,0.1138,4180.4416,return
206,4,94,index,-0.0182,0.8069,-0.6269,0.1170,4185.4294,return
206,4,94,index,-0.0158,0.8080,-0.6292,0.1202,4190.4159,return
206,4,94,index,-0.0131,0.8091,-0.6315,0.1235,4195.4028,return
206,4,94,index,-0.0075,0.8107,-0.6365,0.1303,4200.3892,return
206,4,94,index,-0.0049,0.8114,-0.6387,0.1334,4205.3754,return
206,4,94,index,-0.0021,0.8123,-0.6411,0.1369,4210.3621,return
206,4,94,index,0.0008,0.8128,-0.6435,0.1402,4215.3495,return
206,4,94,index,0.0035,0.8135,-0.6460,0.1436,4220.1039,return
206,4,94,index,0.0093,0.8146,-0.6509,0.1505,4225.09,return
206,4,94,index,0.0125,0.8148,-0.6534,0.1540,4230.0768,return
206,4,94,index,0.0155,0.8150,-0.6559,0.1575,4235.0634,return
206,4,94,index,0.0185,0.8152,-0.6583,0.1608,4240.05,return
206,4,94,index,0.0244,0.8156,-0.6632,0.1677,4245.037,return
206,4,94,index,0.0274,0.8158,-0.6656,0.1712,4250.023,return
206,4,94,index,0.0310,0.8156,-0.6681,0.1749,4255.0098,return
206,4,94,index,0.0341,0.8154,-0.6704,0.1783,4259.9965,return
206,4,94,index,0.0372,0.8152,-0.6728,0.1817,4264.9833,return
206,4,94,index,0.0401,0.8152,-0.6751,0.1851,4269.9702,return
206,4,94,index,0.0434,0.8149,-0.6776,0.1887,4274.9566,return
206,4,94,index,0.0500,0.8138,-0.6825,0.1958,4279.9429,return
206,4,94,index,0.0533,0.8133,-0.6849,0.1994,4284.9303,return
206,4,94,index,0.0565,0.8128,-0.6870,0.2027,4289.916,return
206,4,94,index,0.0596,0.8123,-0.6894,0.2062,4294.9025,return
206,4,94,index,0.0663,0.8111,-0.6942,0.2135,4299.8901,return
206,4,94,index,0.0697,0.8106,-0.6964,0.2171,4304.8769,return
206,4,94,index,0.0734,0.8099,-0.6989,0.2210,4309.8631,return
206,4,94,index,0.0768,0.8093,-0.7010,0.2245,4314.8506,return
206,4,94,index,0.0802,0.8087,-0.7034,0.2283,4319.3645,return
206,4,94,index,0.0835,0.8081,-0.7056,0.2318,4324.3509,return
206,4,94,index,0.0904,0.8069,-0.7102,0.2393,4329.3383,return
206,4,94,index,0.0943,0.8062,-0.7125,0.2433,4334.324,return
206,4,94,index,0.0975,0.8056,-0.7147,0.2469,4339.3107,return
206,4,94,index,0.1011,0.8049,-0.7170,0.2507,4344.2979,return
206,4,94,index,0.1078,0.8034,-0.7212,0.2579,4349.2844,return
206,4,94,index,0.1113,0.8027,-0.7234,0.2616,4354.2715,return
206,4,94,index,0.1113,0.8027,-0.7234,0.2616,4359.2585,return
206,4,94,index,0.1180,0.8011,-0.7279,0.2690,4364.2445,return
206,4,94,index,0.1212,0.8003,-0.7299,0.2725,4369.2309,return
206,4,94,index,0.1247,0.7993,-0.7322,0.2764,4374.2181,return
206,4,94,index,0.1308,0.7975,-0.7364,0.2833,4379.2041,return
206,4,94,index,0.1339,0.7966,-0.7386,0.2868,4384.1908,return
206,4,94,index,0.1366,0.7958,-0.7408,0.2901,4389.1776,return
206,4,94,index,0.1394,0.7948,-0.7430,0.2935,4394.1638,return
206,4,94,index,0.1421,0.7938,-0.7451,0.2968,4399.1507,return
206,4,94,index,0.1472,0.7919,-0.7492,0.3030,4404.1371,return
206,4,94,index,0.1495,0.7909,-0.7514,0.3060,4409.1247,return
206,4,94,index,0.1519,0.7898,-0.7535,0.3091,4414.1104,return
206,4,94,index,0.1542,0.7887,-0.7557,0.3121,4419.0979,return
206,4,94,index,0.1587,0.7865,-0.7599,0.3181,4424.0841,return
206,4,94,index,0.1608,0.7854,-0.7619,0.3209,4429.0709,return
206,4,94,index,0.1624,0.7843,-0.7640,0.3235,4434.0572,return
206,4,94,index,0.1642,0.7833,-0.7660,0.3261,4439.0442,return
206,4,94,index,0.1661,0.7823,-0.7680,0.3288,4444.0307,return
206,4,94,index,0.1679,0.7814,-0.7698,0.3313,4449.0181,return
206,4,94,index,0.1695,0.7808,-0.7717,0.3337,4454.0048,return
206,4,94,index,0.1709,0.7800,-0.7736,0.3360,4458.9907,return
206,4,94,index,0.1738,0.7781,-0.7772,0.3405,4463.9777,return
206,4,94,index,0.1751,0.7767,-0.7787,0.3425,4468.9637,return
206,4,94,index,0.1763,0.7755,-0.7805,0.3446,4473.9509,return
206,4,94,index,0.1790,0.7741,-0.7837,0.3487,4478.9372,return
206,4,94,index,0.1803,0.7731,-0.7852,0.3507,4483.9242,return
206,4,94,index,0.1803,0.7731,-0.7852,0.3507,4488.9111,return
206,4,94,index,0.1821,0.7700,-0.7881,0.3539,4493.8971,return
206,4,94,index,0.1832,0.7689,-0.7898,0.3559,4498.8841,return
206,4,94,index,0.1837,0.7665,-0.7923,0.0163,4503.8703,return
206,4,94,index,0.1837,0.7665,-0.7923,0.0163,4508.8576,return
206,4,94,index,0.1858,0.7645,-0.7949,0.0146,4513.8439,return
206,4,94,index,0.1891,0.7577,-0.7975,0.0245,4518.8309,return
206,4,94,index,0.1902,0.7621,-0.7956,0.0267,4523.8177,returned
206,4,94,index,0.1903,0.7607,-0.7978,0.0268,4528.8044,returned
206,4,94,index,0.1893,0.7607,-0.7987,0.0262,4533.7903,returned
206,4,94,index,0.1943,0.7657,-0.8031,0.0164,4538.7766,returned
206,4,94,index,0.1907,0.7579,-0.8008,0.0087,4543.7639,returned
206,4,94,index,0.1895,0.7571,-0.8012,0.0081,4548.751,returned
206,4,94,index,0.1899,0.7563,-0.8019,0.0071,4553.7373,returned
206,4,94,index,0.1905,0.7554,-0.8038,0.0062,4558.7241,returned
206,4,94,index,0.1905,0.7549,-0.8047,0.0060,4563.7105,returned
206,4,94,index,0.1903,0.7542,-0.8055,0.0058,4568.6971,returned
206,4,94,index,0.1974,0.7594,-0.8082,0.0128,4573.6837,returned
206,4,94,index,0.1904,0.7520,-0.8068,0.0086,4578.6705,returned
206,4,94,index,0.1903,0.7523,-0.8076,0.0092,4583.6572,returned
206,4,94,index,0.1904,0.7513,-0.8079,0.0088,4588.6438,returned
206,4,94,index,0.1904,0.7508,-0.8084,0.0089,4593.6301,returned
206,4,94,index,0.1898,0.7520,-0.8087,0.0089,4598.6176,returned
206,4,94,index,0.1909,0.7482,-0.8087,0.0054,4603.6032,returned
206,4,94,index,0.1909,0.7482,-0.8087,0.0054,4608.5916,returned
206,4,94,index,0.1897,0.7477,-0.8102,0.0065,4613.577,returned
206,4,94,index,0.1898,0.7467,-0.8104,0.0062,4618.5638,returned
206,4,94,index,0.1901,0.7460,-0.8106,0.0058,4623.5507,returned
206,4,94,index,0.1901,0.7455,-0.8107,0.0058,4628.5378,returned
206,4,94,index,0.1912,0.7453,-0.8101,0.0046,4633.5235,returned
206,4,94,index,0.1910,0.7453,-0.8104,0.0049,4638.5103,returned
206,4,94,index,0.1912,0.7453,-0.8104,0.0047,4643.4966,returned
206,4,94,index,0.1914,0.7453,-0.8105,0.0047,4648.484,returned
206,4,94,index,0.1916,0.7453,-0.8106,0.0046,4653.4706,returned
206,4,94,index,0.1915,0.7452,-0.8107,0.0047,4658.4569,returned
206,4,94,index,0.1922,0.7456,-0.8109,0.0045,4663.444,returned
206,4,94,index,0.1922,0.7456,-0.8109,0.0045,4668.4303,returned
206,4,94,index,0.1921,0.7455,-0.8109,0.0045,4673.4171,returned
206,4,94,index,0.1922,0.7455,-0.8109,0.0045,4678.4043,returned
206,4,94,index,0.1921,0.7455,-0.8109,0.0045,4683.3906,returned
206,4,94,index,0.1923,0.7452,-0.8107,0.0042,4688.377,returned
206,4,94,index,0.1907,0.7407,-0.8143,0.0090,4693.3635,returned
206,4,94,index,0.1905,0.7404,-0.8139,0.0090,4698.3503,returned
206,4,94,index,0.1904,0.7404,-0.8138,0.0090,4703.3372,returned
206,4,94,index,0.1904,0.7404,-0.8138,0.0090,4708.3237,returned
206,4,94,index,0.1908,0.7409,-0.8133,0.0081,4713.3102,returned
206,4,94,index,0.1911,0.7411,-0.8137,0.0082,4718.2968,returned
206,4,94,index,0.1912,0.7411,-0.8136,0.0081,4723.2836,returned
206,4,94,index,0.1911,0.7411,-0.8135,0.0080,4728.271,returned
206,4,94,index,0.1906,0.7401,-0.8133,0.0087,4733.2577,returned
206,4,94,index,0.1906,0.7400,-0.8132,0.0087,4738.2432,returned
206,4,94,index,0.1910,0.7405,-0.8130,0.0080,4743.2306,returned
206,4,94,index,0.1911,0.7405,-0.8129,0.0079,4748.2164,returned
206,4,94,index,0.1911,0.7405,-0.8129,0.0079,4753.2039,returned
206,4,94,index,0.1909,0.7400,-0.8127,0.0082,4758.19,returned
206,4,94,index,0.1909,0.7400,-0.8127,0.0082,4763.1776,returned
206,4,94,index,0.1912,0.7403,-0.8126,0.0077,4768.1635,returned
206,4,94,index,0.1913,0.7405,-0.8127,0.0076,4773.1499,returned
206,4,94,index,0.1913,0.7405,-0.8127,0.0076,4778.1366,returned
206,4,94,index,0.1910,0.7401,-0.8124,0.0079,4783.1234,returned
206,4,94,index,0.1910,0.7400,-0.8124,0.0079,4788.1102,returned
206,4,94,index,0.1910,0.7400,-0.8124,0.0079,4793.0964,returned
206,4,94,index,0.1915,0.7405,-0.8123,0.0074,4798.0831,returned
206,4,94,index,0.1915,0.7405,-0.8123,0.0074,4803.0707,returned
206,4,94,index,0.1915,0.7405,-0.8123,0.0074,4808.0574,returned
206,4,94,index,0.1912,0.7403,-0.8125,0.0077,4813.0434,returned
206,4,94,index,0.1912,0.7403,-0.8125,0.0077,4818.0302,returned
206,4,94,index,0.1915,0.7410,-0.8133,0.0077,4822.9518,returned
206,4,94,index,0.1916,0.7411,-0.8133,0.0077,4827.9386,returned
206,4,94,index,0.1916,0.7411,-0.8133,0.0077,4832.9259,returned
206,4,94,index,0.1914,0.7407,-0.8128,0.0077,4837.9113,returned
206,4,94,index,0.1913,0.7406,-0.8129,0.0077,4842.8984,returned
206,4,94,index,0.1914,0.7409,-0.8133,0.0079,4847.8847,returned
206,4,94,index,0.1915,0.7411,-0.8135,0.0078,4852.8734,returned
206,4,94,index,0.1913,0.7409,-0.8134,0.0080,4857.8581,returned
206,4,94,index,0.1914,0.7408,-0.8130,0.0077,4862.8458,returned
206,4,94,index,0.1913,0.7407,-0.8130,0.0078,4867.8314,returned
206,4,94,index,0.1913,0.7408,-0.8132,0.0079,4872.8184,returned
206,4,94,index,0.1913,0.7411,-0.8136,0.0080,4877.8048,returned
206,4,94,index,0.1913,0.7411,-0.8135,0.0080,4882.7914,returned
206,4,94,index,0.1915,0.7414,-0.8136,0.0079,4887.7787,returned
206,4,94,index,0.1915,0.7414,-0.8137,0.0079,4892.7653,returned
206,4,94,index,0.1914,0.7413,-0.8137,0.0079,4897.7513,returned
206,4,94,index,0.1913,0.7406,-0.8129,0.0078,4902.7384,returned
206,4,94,index,0.1912,0.7406,-0.8129,0.0078,4907.7257,returned
206,4,94,index,0.1912,0.7406,-0.8129,0.0078,4912.7116,returned
206,4,94,index,0.1912,0.7406,-0.8128,0.0078,4917.6986,returned
206,4,94,index,0.1912,0.7406,-0.8128,0.0078,4922.3749,returned
206,4,94,index,0.1913,0.7412,-0.8134,0.0079,4927.3617,returned
206,4,94,index,0.1913,0.7413,-0.8134,0.0078,4932.3492,returned
206,4,94,index,0.1914,0.7414,-0.8134,0.0077,4937.3354,returned
206,4,94,index,0.1914,0.7414,-0.8134,0.0077,4942.3223,returned
206,4,94,index,0.1913,0.7413,-0.8133,0.0077,4947.3082,returned
206,4,94,index,0.1911,0.7410,-0.8130,0.0077,4952.2952,returned
206,4,94,index,0.1911,0.7404,-0.8123,0.0076,4957.2822,returned
206,4,94,index,0.1911,0.7403,-0.8120,0.0075,4962.2688,returned
206,4,94,index,0.1911,0.7403,-0.8120,0.0075,4967.2551,returned
206,4,94,index,0.1911,0.7402,-0.8119,0.0075,4972.2412,returned
206,4,94,index,0.1910,0.7403,-0.8119,0.0075,4977.2284,returned
206,4,94,index,0.1912,0.7412,-0.8129,0.0075,4982.2151,returned
206,4,94,index,0.1911,0.7412,-0.8128,0.0075,4987.2017,returned
206,4,94,index,0.1910,0.7411,-0.8128,0.0076,4992.1879,returned
206,4,94,index,0.1909,0.7403,-0.8117,0.0074,4997.1755,returned
206,4,94,index,0.1909,0.7403,-0.8117,0.0074,5002.1615,returned
206,4,94,index,0.1908,0.7410,-0.8126,0.0076,5007.1487,returned
206,4,94,index,0.1908,0.7410,-0.8126,0.0076,5012.135,returned
206,4,94,index,0.1906,0.7401,-0.8114,0.0075,5017.1217,returned
206,4,94,index,0.1906,0.7399,-0.8112,0.0075,5022.1083,returned
206,4,94,index,0.1905,0.7399,-0.8112,0.0076,5027.095,returned
206,4,94,thumb,0.1963,0.7417,-0.8141,0.0212,0,startbuffer
206,4,94,thumb,0.1963,0.7417,-0.8141,0.0212,4.9861,startbuffer
206,4,94,thumb,0.1950,0.7431,-0.8158,0.0200,9.9726,startbuffer
206,4,94,thumb,0.1951,0.7432,-0.8159,0.0199,14.9596,startbuffer
206,4,94,thumb,0.1951,0.7432,-0.8159,0.0199,19.946,startbuffer
206,4,94,thumb,0.1964,0.7418,-0.8141,0.0212,24.9322,startbuffer
206,4,94,thumb,0.1964,0.7418,-0.8141,0.0212,29.919,startbuffer
206,4,94,thumb,0.1964,0.7423,-0.8148,0.0208,34.9059,startbuffer
206,4,94,thumb,0.1951,0.7433,-0.8160,0.0198,39.8933,startbuffer
206,4,94,thumb,0.1952,0.7433,-0.8160,0.0198,44.879,startbuffer
206,4,94,thumb,0.1969,0.7423,-0.8148,0.0208,49.8658,startbuffer
206,4,94,thumb,0.1969,0.7423,-0.8148,0.0208,54.8531,startbuffer
206,4,94,thumb,0.1969,0.7423,-0.8148,0.0208,59.8391,begin
206,4,94,thumb,0.1952,0.7433,-0.8160,0.0198,64.8263,begin
206,4,94,thumb,0.1953,0.7422,-0.8171,0.0212,69.8128,begin
206,4,94,thumb,0.1953,0.7422,-0.8171,0.0212,74.8006,begin
206,4,94,thumb,0.1955,0.7420,-0.8165,0.0213,79.7862,begin
206,4,94,thumb,0.1955,0.7420,-0.8165,0.0213,84.7723,begin
206,4,94,thumb,0.1952,0.7423,-0.8171,0.0211,89.7593,begin
206,4,94,thumb,0.1953,0.7423,-0.8172,0.0210,94.7457,begin
206,4,94,thumb,0.1953,0.7423,-0.8171,0.0210,99.733,begin
206,4,94,thumb,0.1950,0.7413,-0.8160,0.0218,104.719,begin
206,4,94,thumb,0.1950,0.7413,-0.8160,0.0218,109.7063,begin
206,4,94,thumb,0.1949,0.7418,-0.8167,0.0214,114.6925,begin
206,4,94,thumb,0.1953,0.7423,-0.8171,0.0210,119.6801,begin
206,4,94,thumb,0.1948,0.7418,-0.8168,0.0214,124.6661,begin
206,4,94,thumb,0.1947,0.7415,-0.8165,0.0217,129.6524,begin
206,4,94,thumb,0.1947,0.7415,-0.8165,0.0217,134.639,begin
206,4,94,thumb,0.1947,0.7415,-0.8165,0.0216,139.6256,begin
206,4,94,thumb,0.1949,0.7420,-0.8168,0.0213,144.6126,begin
206,4,94,thumb,0.1953,0.7423,-0.8171,0.0210,149.5992,begin
206,4,94,thumb,0.1953,0.7423,-0.8171,0.0211,154.5862,begin
206,4,94,thumb,0.1953,0.7423,-0.8171,0.0210,159.5725,begin
206,4,94,thumb,0.1954,0.7423,-0.8171,0.0211,164.5595,begin
206,4,94,thumb,0.1950,0.7412,-0.8159,0.0218,169.5462,begin
206,4,94,thumb,0.1951,0.7413,-0.8160,0.0218,174.533,begin
206,4,94,thumb,0.1951,0.7413,-0.8159,0.0218,179.5191,begin
206,4,94,thumb,0.1951,0.7413,-0.8160,0.0218,184.5053,begin
206,4,94,thumb,0.1951,0.7413,-0.8160,0.0218,189.4924,begin
206,4,94,thumb,0.1951,0.7419,-0.8168,0.0214,194.479,begin
206,4,94,thumb,0.1953,0.7423,-0.8170,0.0211,199.4665,begin
206,4,94,thumb,0.1954,0.7423,-0.8171,0.0210,204.4524,begin
206,4,94,thumb,0.1955,0.7422,-0.8171,0.0212,209.4398,begin
206,4,94,thumb,0.1954,0.7424,-0.8171,0.0210,214.4255,begin
206,4,94,thumb,0.1950,0.7419,-0.8168,0.0214,219.4132,begin
206,4,94,thumb,0.1951,0.7413,-0.8160,0.0218,224.3988,begin
206,4,94,thumb,0.1951,0.7413,-0.8160,0.0218,229.3854,begin
206,4,94,thumb,0.1951,0.7413,-0.8160,0.0218,234.3723,begin
206,4,94,thumb,0.1951,0.7413,-0.8160,0.0218,239.3588,begin
206,4,94,thumb,0.1952,0.7414,-0.8160,0.0217,244.346,begin
206,4,94,thumb,0.1955,0.7422,-0.8171,0.0212,249.3325,begin
206,4,94,thumb,0.1958,0.7426,-0.8173,0.0209,254.3195,begin
206,4,94,thumb,0.1952,0.7413,-0.8160,0.0218,259.3057,begin
206,4,94,thumb,0.1952,0.7413,-0.8160,0.0218,264.2923,begin
206,4,94,thumb,0.1952,0.7413,-0.8160,0.0218,269.2796,begin
206,4,94,thumb,0.1954,0.7421,-0.8169,0.0212,274.2655,begin
206,4,94,thumb,0.1955,0.7422,-0.8171,0.0212,279.2534,begin
206,4,94,thumb,0.1950,0.7417,-0.8166,0.0215,284.2389,begin
206,4,94,thumb,0.1951,0.7413,-0.8160,0.0218,289.2253,begin
206,4,94,thumb,0.1951,0.7413,-0.8160,0.0218,294.2126,begin
206,4,94,thumb,0.1949,0.7416,-0.8165,0.0216,299.1999,begin
206,4,94,thumb,0.1949,0.7419,-0.8166,0.0214,304.1863,begin
206,4,94,thumb,0.1949,0.7419,-0.8166,0.0214,310.1703,begin
206,4,94,thumb,0.1953,0.7416,-0.8160,0.0215,315.1568,begin
206,4,94,thumb,0.1953,0.7416,-0.8161,0.0215,320.1435,begin
206,4,94,thumb,0.1958,0.7426,-0.8173,0.0208,325.1295,begin
206,4,94,thumb,0.1958,0.7426,-0.8173,0.0208,330.1164,begin
206,4,94,thumb,0.1956,0.7423,-0.8171,0.0212,335.1028,begin
206,4,94,thumb,0.1952,0.7413,-0.8160,0.0218,340.0891,begin
206,4,94,thumb,0.1952,0.7413,-0.8160,0.0218,345.0763,begin
206,4,94,thumb,0.1955,0.7422,-0.8171,0.0212,350.0627,begin
206,4,94,thumb,0.1955,0.7424,-0.8171,0.0210,355.0499,begin
206,4,94,thumb,0.1956,0.7423,-0.8171,0.0211,360.0359,begin
206,4,94,thumb,0.1952,0.7415,-0.8163,0.0216,365.023,begin
206,4,94,thumb,0.1952,0.7413,-0.8160,0.0218,370.0096,begin
206,4,94,thumb,0.1950,0.7415,-0.8164,0.0217,374.9963,begin
206,4,94,thumb,0.1958,0.7421,-0.8171,0.0213,379.9827,begin
206,4,94,thumb,0.1954,0.7418,-0.8170,0.0216,384.9692,begin
206,4,94,thumb,0.1954,0.7419,-0.8169,0.0214,389.956,begin
206,4,94,thumb,0.1954,0.7419,-0.8169,0.0215,394.9429,begin
206,4,94,thumb,0.1953,0.7419,-0.8169,0.0215,399.9294,begin
206,4,94,thumb,0.1960,0.7425,-0.8174,0.0210,404.9158,begin
206,4,94,thumb,0.1955,0.7424,-0.8172,0.0210,409.9027,begin
206,4,94,thumb,0.1955,0.7423,-0.8172,0.0211,414.889,begin
206,4,94,thumb,0.1956,0.7423,-0.8172,0.0211,419.8763,begin
206,4,94,thumb,0.1954,0.7423,-0.8171,0.0211,424.8625,begin
206,4,94,thumb,0.1952,0.7414,-0.8161,0.0218,429.8492,begin
206,4,94,thumb,0.1952,0.7413,-0.8160,0.0218,434.8359,begin
206,4,94,thumb,0.1952,0.7413,-0.8160,0.0218,439.8221,begin
206,4,94,thumb,0.1952,0.7413,-0.8160,0.0218,444.8091,begin
206,4,94,thumb,0.1952,0.7413,-0.8160,0.0218,449.7959,begin
206,4,94,thumb,0.1952,0.7413,-0.8160,0.0218,454.7828,begin
206,4,94,thumb,0.1954,0.7424,-0.8171,0.0210,459.769,begin
206,4,94,thumb,0.1959,0.7426,-0.8173,0.0209,464.7561,begin
206,4,94,thumb,0.1955,0.7422,-0.8171,0.0212,469.7429,begin
206,4,94,thumb,0.1955,0.7424,-0.8171,0.0210,474.7296,begin
206,4,94,thumb,0.1954,0.7420,-0.8168,0.0213,479.7155,begin
206,4,94,thumb,0.1951,0.7413,-0.8160,0.0218,484.7024,begin
206,4,94,thumb,0.1952,0.7413,-0.8160,0.0218,489.6895,begin
206,4,94,thumb,0.1951,0.7413,-0.8160,0.0218,494.6756,begin
206,4,94,thumb,0.1952,0.7413,-0.8159,0.0218,499.3795,begin
206,4,94,thumb,0.1952,0.7413,-0.8159,0.0218,504.3662,begin
206,4,94,thumb,0.1954,0.7421,-0.8170,0.0212,509.3532,begin
206,4,94,thumb,0.1954,0.7422,-0.8170,0.0211,514.3395,begin
206,4,94,thumb,0.1954,0.7423,-0.8170,0.0211,519.3267,begin
206,4,94,thumb,0.1951,0.7412,-0.8159,0.0218,524.3135,begin
206,4,94,thumb,0.1951,0.7412,-0.8159,0.0218,529.2994,begin
206,4,94,thumb,0.1950,0.7416,-0.8162,0.0216,534.2863,begin
206,4,94,thumb,0.1951,0.7416,-0.8163,0.0216,539.2728,begin
206,4,94,thumb,0.1950,0.7417,-0.8163,0.0215,544.2595,begin
206,4,94,thumb,0.1950,0.7410,-0.8154,0.0220,549.2462,begin
206,4,94,thumb,0.1950,0.7410,-0.8154,0.0220,554.2335,begin
206,4,94,thumb,0.1951,0.7410,-0.8154,0.0220,559.2193,begin
206,4,94,thumb,0.1951,0.7410,-0.8154,0.0220,564.2068,begin
206,4,94,thumb,0.1951,0.7410,-0.8154,0.0220,569.193,begin
206,4,94,thumb,0.1952,0.7407,-0.8148,0.0222,574.1797,begin
206,4,94,thumb,0.1953,0.7407,-0.8147,0.0222,579.1664,begin
206,4,94,thumb,0.1953,0.7407,-0.8146,0.0222,584.1527,begin
206,4,94,thumb,0.1953,0.7411,-0.8149,0.0218,589.1393,begin
206,4,94,thumb,0.1954,0.7411,-0.8147,0.0218,594.126,begin
206,4,94,thumb,0.1954,0.7411,-0.8145,0.0218,598.4199,begin
206,4,94,thumb,0.1949,0.7400,-0.8135,0.0227,603.4069,begin
206,4,94,thumb,0.1951,0.7398,-0.8130,0.0229,608.3936,begin
206,4,94,thumb,0.1953,0.7404,-0.8135,0.0224,613.3801,begin
206,4,94,thumb,0.1953,0.7405,-0.8134,0.0223,618.3666,begin
206,4,94,thumb,0.1954,0.7404,-0.8132,0.0223,623.3532,begin
206,4,94,thumb,0.1952,0.7394,-0.8118,0.0233,628.34,begin
206,4,94,thumb,0.1954,0.7393,-0.8115,0.0234,633.3266,begin
206,4,94,thumb,0.1955,0.7397,-0.8119,0.0230,638.3131,begin
206,4,94,thumb,0.1961,0.7400,-0.8118,0.0227,643.3003,begin
206,4,94,thumb,0.1963,0.7399,-0.8114,0.0229,648.2864,begin
206,4,94,thumb,0.1964,0.7397,-0.8110,0.0231,653.2737,begin
206,4,94,thumb,0.1969,0.7389,-0.8097,0.0240,658.2602,begin
206,4,94,thumb,0.1971,0.7389,-0.8095,0.0240,663.2464,begin
206,4,94,thumb,0.1973,0.7399,-0.8101,0.0230,668.2331,begin
206,4,94,thumb,0.1975,0.7397,-0.8096,0.0233,673.2197,begin
206,4,94,thumb,0.1976,0.7398,-0.8093,0.0233,678.207,begin
206,4,94,thumb,0.1973,0.7401,-0.8089,0.0229,683.1935,begin
206,4,94,thumb,0.1968,0.7405,-0.8088,0.0225,688.1799,begin
206,4,94,thumb,0.1962,0.7402,-0.8081,0.0229,693.1662,begin
206,4,94,thumb,0.1960,0.7406,-0.8076,0.0225,698.153,begin
206,4,94,thumb,0.1949,0.7412,-0.8073,0.0220,703.14,begin
206,4,94,thumb,0.1933,0.7436,-0.8067,0.0197,708.1274,begin
206,4,94,thumb,0.1916,0.7450,-0.8065,0.0185,713.1127,begin
206,4,94,thumb,0.1966,0.7534,-0.8043,0.0122,718.0998,begin
206,4,94,thumb,0.1914,0.7566,-0.8067,0.0082,723.0865,begin
206,4,94,thumb,0.1888,0.7640,-0.8061,0.0077,729.07,begin
206,4,94,thumb,0.1868,0.7666,-0.8058,0.0100,734.0573,begin
206,4,94,thumb,0.1852,0.7691,-0.8051,0.0126,739.0434,begin
206,4,94,thumb,0.1835,0.7716,-0.8045,0.0155,744.0302,begin
206,4,94,thumb,0.1817,0.7733,-0.8039,0.0180,749.0165,begin
206,4,94,thumb,0.1778,0.7776,-0.8025,0.0238,754.0039,begin
206,4,94,thumb,0.1763,0.7800,-0.8016,0.0267,758.9903,begin
206,4,94,thumb,0.1741,0.7820,-0.8007,0.0297,763.9774,begin
206,4,94,thumb,0.1718,0.7838,-0.7998,0.0328,768.9631,begin
206,4,94,thumb,0.1697,0.7858,-0.7988,0.0359,773.9504,begin
206,4,94,thumb,0.1675,0.7877,-0.7976,0.0390,778.9368,begin
206,4,94,thumb,0.1629,0.7912,-0.7956,0.0451,783.9234,begin
206,4,94,thumb,0.1606,0.7927,-0.7946,0.0480,788.9099,begin
206,4,94,thumb,0.1581,0.7944,-0.7934,0.0512,793.8967,begin
206,4,94,thumb,0.1556,0.7960,-0.7922,0.0543,798.8838,begin
206,4,94,thumb,0.1504,0.7994,-0.7896,0.0610,803.8705,begin
206,4,94,thumb,0.1477,0.8011,-0.7884,0.0644,808.8572,begin
206,4,94,thumb,0.1450,0.8024,-0.7872,0.0676,813.8434,begin
206,4,94,thumb,0.1422,0.8040,-0.7859,0.0710,818.8301,begin
206,4,94,thumb,0.1396,0.8055,-0.7847,0.0743,823.8171,begin
206,4,94,thumb,0.1339,0.8089,-0.7821,0.0813,828.8034,begin
206,4,94,thumb,0.1308,0.8105,-0.7807,0.0850,833.7903,begin
206,4,94,thumb,0.1277,0.8119,-0.7795,0.0886,838.7766,begin
206,4,94,thumb,0.1246,0.8133,-0.7780,0.0922,843.7633,out
206,4,94,thumb,0.1213,0.8147,-0.7764,0.0961,848.7502,out
206,4,94,thumb,0.1182,0.8163,-0.7749,0.0998,853.737,out
206,4,94,thumb,0.1120,0.8190,-0.7718,0.1071,858.7234,out
206,4,94,thumb,0.1090,0.8203,-0.7705,0.1106,863.7101,out
206,4,94,thumb,0.1061,0.8216,-0.7690,0.1141,868.6966,out
206,4,94,thumb,0.1032,0.8229,-0.7675,0.1175,873.6836,out
206,4,94,thumb,0.0973,0.8252,-0.7641,0.1246,878.6707,out
206,4,94,thumb,0.0943,0.8262,-0.7625,0.1280,883.6567,out
206,4,94,thumb,0.0913,0.8271,-0.7607,0.1315,888.6435,out
206,4,94,thumb,0.0885,0.8278,-0.7592,0.1346,893.6301,out
206,4,94,thumb,0.0856,0.8285,-0.7574,0.1379,898.6168,out
206,4,94,thumb,0.0795,0.8297,-0.7536,0.1447,903.6034,out
206,4,94,thumb,0.0766,0.8301,-0.7516,0.1480,908.5913,out
206,4,94,thumb,0.0736,0.8304,-0.7497,0.1513,913.577,out
206,4,94,thumb,0.0708,0.8307,-0.7480,0.1544,918.5633,out
206,4,94,thumb,0.0678,0.8310,-0.7459,0.1577,923.5508,out
206,4,94,thumb,0.0622,0.8315,-0.7418,0.1643,928.5375,out
206,4,94,thumb,0.0594,0.8317,-0.7397,0.1674,933.5232,out
206,4,94,thumb,0.0567,0.8317,-0.7375,0.1705,938.5098,out
206,4,94,thumb,0.0540,0.8317,-0.7353,0.1737,943.4973,out
206,4,94,thumb,0.0512,0.8318,-0.7331,0.1769,948.4836,out
206,4,94,thumb,0.0486,0.8317,-0.7309,0.1800,953.4718,out
206,4,94,thumb,0.0435,0.8314,-0.7261,0.1862,958.4566,out
206,4,94,thumb,0.0411,0.8313,-0.7239,0.1892,963.444,out
206,4,94,thumb,0.0387,0.8312,-0.7212,0.1923,968.4299,out
206,4,94,thumb,0.0362,0.8310,-0.7188,0.1954,973.4162,out
206,4,94,thumb,0.0339,0.8307,-0.7162,0.1983,978.4043,out
206,4,94,thumb,0.0291,0.8300,-0.7109,0.2046,983.3898,out
206,4,94,thumb,0.0267,0.8296,-0.7082,0.2077,988.3766,out
206,4,94,thumb,0.0244,0.8292,-0.7054,0.2108,993.3632,out
206,4,94,thumb,0.0223,0.8287,-0.7027,0.2138,998.3503,out
206,4,94,thumb,0.0201,0.8282,-0.7001,0.2167,1002.8487,out
206,4,94,thumb,0.0158,0.8270,-0.6946,0.2226,1007.8347,out
206,4,94,thumb,0.0136,0.8262,-0.6917,0.2257,1012.8213,out
206,4,94,thumb,0.0116,0.8255,-0.6889,0.2286,1017.8076,out
206,4,94,thumb,0.0095,0.8248,-0.6863,0.2315,1022.7946,out
206,4,94,thumb,0.0075,0.8241,-0.6833,0.2346,1027.7819,out
206,4,94,thumb,0.0054,0.8233,-0.6806,0.2375,1032.7682,out
206,4,94,thumb,0.0013,0.8218,-0.6748,0.2436,1037.7545,out
206,4,94,thumb,-0.0007,0.8209,-0.6721,0.2464,1042.7422,out
206,4,94,thumb,-0.0025,0.8201,-0.6692,0.2493,1047.7277,out
206,4,94,thumb,-0.0044,0.8193,-0.6665,0.2522,1052.7147,out
206,4,94,thumb,-0.0080,0.8176,-0.6610,0.2578,1057.701,out
206,4,94,thumb,-0.0100,0.8166,-0.6582,0.2609,1062.6876,out
206,4,94,thumb,-0.0100,0.8166,-0.6582,0.2609,1067.6754,out
206,4,94,thumb,-0.0135,0.8148,-0.6524,0.2667,1072.6613,out
206,4,94,thumb,-0.0151,0.8139,-0.6498,0.2693,1077.6487,out
206,4,94,thumb,-0.0184,0.8120,-0.6443,0.2749,1082.6347,out
206,4,94,thumb,-0.0184,0.8120,-0.6443,0.2749,1087.6218,out
206,4,94,thumb,-0.0202,0.8113,-0.6416,0.2777,1092.608,out
206,4,94,thumb,-0.0231,0.8094,-0.6361,0.2830,1097.595,out
206,4,94,thumb,-0.0244,0.8084,-0.6334,0.2856,1101.9476,out
206,4,94,thumb,-0.0259,0.8075,-0.6306,0.2883,1106.9341,out
206,4,94,thumb,-0.0287,0.8059,-0.6255,0.2935,1111.921,out
206,4,94,thumb,-0.0300,0.8050,-0.6227,0.2961,1116.9073,out
206,4,94,thumb,-0.0311,0.8042,-0.6199,0.2986,1121.8938,out
206,4,94,thumb,-0.0322,0.8032,-0.6171,0.3010,1126.8806,out
206,4,94,thumb,-0.0333,0.8024,-0.6145,0.3035,1131.868,out
206,4,94,thumb,-0.0353,0.8009,-0.6093,0.3081,1136.854,out
206,4,94,thumb,-0.0364,0.8000,-0.6066,0.3106,1141.8411,out
206,4,94,thumb,-0.0374,0.7994,-0.6040,0.3130,1146.8272,out
206,4,94,thumb,-0.0383,0.7986,-0.6013,0.3153,1152.8114,out
206,4,94,thumb,-0.0400,0.7973,-0.5967,0.3196,1157.7985,out
206,4,94,thumb,-0.0408,0.7966,-0.5944,0.3216,1162.7848,out
206,4,94,thumb,-0.0417,0.7959,-0.5921,0.3238,1167.7713,out
206,4,94,thumb,-0.0425,0.7952,-0.5899,0.3258,1172.7578,out
206,4,94,thumb,-0.0435,0.7945,-0.5877,0.3280,1177.7446,out
206,4,94,thumb,-0.0444,0.7939,-0.5855,0.3301,1182.7309,out
206,4,94,thumb,-0.0450,0.7934,-0.5835,0.3318,1187.7186,out
206,4,94,thumb,-0.0466,0.7923,-0.5795,0.3356,1192.7042,out
206,4,94,thumb,-0.0472,0.7918,-0.5774,0.3374,1197.6912,out
206,4,94,thumb,-0.0480,0.7913,-0.5756,0.3392,1202.6777,out
206,4,94,thumb,-0.0486,0.7909,-0.5737,0.3410,1207.6649,out
206,4,94,thumb,-0.0500,0.7898,-0.5703,0.3443,1212.6513,out
206,4,94,thumb,-0.0509,0.7893,-0.5687,0.3460,1217.6377,out
206,4,94,thumb,-0.0516,0.7889,-0.5673,0.3474,1222.6244,out
206,4,94,thumb,-0.0518,0.7884,-0.5656,0.3487,1227.6114,out
206,4,94,thumb,-0.0523,0.7879,-0.5641,0.3500,1232.5986,out
206,4,94,thumb,-0.0526,0.7869,-0.5611,0.3524,1237.5846,out
206,4,94,thumb,-0.0542,0.7857,-0.5588,0.3551,1242.5718,out
206,4,94,thumb,-0.0547,0.7851,-0.5571,0.3566,1247.5578,lift
206,4,94,thumb,-0.0550,0.7845,-0.5555,0.3579,1252.5445,lift
206,4,94,thumb,-0.0556,0.7835,-0.5523,0.3605,1257.5317,lift
206,4,94,thumb,-0.0557,0.7830,-0.5508,0.3617,1262.5178,lift
206,4,94,thumb,-0.0559,0.7825,-0.5493,0.3628,1267.5045,lift
206,4,94,thumb,-0.0562,0.7820,-0.5481,0.3639,1272.4911,lift
206,4,94,thumb,-0.0565,0.7816,-0.5469,0.3650,1277.4781,lift
206,4,94,thumb,-0.0569,0.7808,-0.5443,0.3670,1282.4646,lift
206,4,94,thumb,-0.0569,0.7808,-0.5443,0.3670,1287.4528,lift
206,4,94,thumb,-0.0576,0.7801,-0.5423,0.3689,1292.4379,lift
206,4,94,thumb,-0.0576,0.7798,-0.5412,0.3698,1297.4247,lift
206,4,94,thumb,-0.0579,0.7796,-0.5401,0.3708,1302.031,lift
206,4,94,thumb,-0.0582,0.7794,-0.5392,0.3716,1307.0192,lift
206,4,94,thumb,-0.0584,0.7791,-0.5386,0.3722,1312.0051,lift
206,4,94,thumb,-0.0582,0.7763,-0.5348,0.3747,1316.9913,lift
206,4,94,thumb,-0.0585,0.7759,-0.5338,0.3757,1321.9776,lift
206,4,94,thumb,-0.0588,0.7756,-0.5328,0.3766,1326.9644,lift
206,4,94,thumb,-0.0590,0.7753,-0.5321,0.3773,1331.9524,lift
206,4,94,thumb,-0.0596,0.7742,-0.5306,0.3787,1336.9379,lift
206,4,94,thumb,-0.0600,0.7736,-0.5299,0.3795,1341.9248,lift
206,4,94,thumb,-0.0604,0.7730,-0.5290,0.3804,1346.911,lift
206,4,94,thumb,-0.0603,0.7729,-0.5280,0.3811,1351.8978,lift
206,4,94,thumb,-0.0606,0.7724,-0.5273,0.3818,1356.8851,lift
206,4,94,thumb,-0.0609,0.7708,-0.5258,0.3831,1361.8711,lift
206,4,94,thumb,-0.0609,0.7708,-0.5258,0.3831,1366.8578,lift
206,4,94,thumb,-0.0604,0.7703,-0.5243,0.3839,1371.8443,lift
206,4,94,thumb,-0.0602,0.7701,-0.5236,0.3842,1376.8317,lift
206,4,94,thumb,-0.0601,0.7699,-0.5228,0.3848,1381.8181,lift
206,4,94,thumb,-0.0599,0.7697,-0.5221,0.3852,1386.8048,lift
206,4,94,thumb,-0.0597,0.7693,-0.5206,0.3861,1391.7911,lift
206,4,94,thumb,-0.0599,0.7687,-0.5198,0.3869,1396.778,lift
206,4,94,thumb,-0.0597,0.7688,-0.5193,0.3872,1402.1134,lift
206,4,94,thumb,-0.0592,0.7693,-0.5186,0.3873,1407.1034,lift
206,4,94,thumb,-0.0586,0.7689,-0.5169,0.3882,1412.0891,lift
206,4,94,thumb,-0.0583,0.7681,-0.5153,0.3892,1417.0751,lift
206,4,94,thumb,-0.0582,0.7679,-0.5147,0.3897,1422.0621,lift
206,4,94,thumb,-0.0577,0.7678,-0.5145,0.3894,1427.0488,lift
206,4,94,thumb,-0.0576,0.7682,-0.5140,0.3898,1432.036,lift
206,4,94,thumb,-0.0575,0.7680,-0.5131,0.3904,1437.0222,lift
206,4,94,thumb,-0.0578,0.7673,-0.5123,0.3912,1442.0095,lift
206,4,94,thumb,-0.0577,0.7672,-0.5119,0.3915,1446.9954,lift
206,4,94,thumb,-0.0580,0.7662,-0.5109,0.3924,1451.9823,lift
206,4,94,thumb,-0.0572,0.7674,-0.5108,0.3919,1456.9695,lift
206,4,94,thumb,-0.0512,0.7622,-0.5112,0.3878,1461.9555,lift
206,4,94,thumb,-0.0508,0.7619,-0.5109,0.3878,1466.9423,lift
206,4,94,thumb,-0.0507,0.7619,-0.5106,0.3880,1471.9289,lift
206,4,94,thumb,-0.0506,0.7618,-0.5103,0.3881,1476.9154,lift
206,4,94,thumb,-0.0516,0.7624,-0.5100,0.3890,1481.9024,lift
206,4,94,thumb,-0.0522,0.7629,-0.5096,0.3896,1486.8892,lift
206,4,94,thumb,-0.0500,0.7614,-0.5096,0.3883,1491.8755,lift
206,4,94,thumb,-0.0500,0.7614,-0.5096,0.3883,1496.8628,lift
206,4,94,thumb,-0.0499,0.7617,-0.5093,0.3884,1501.8486,lift
206,4,94,thumb,-0.0499,0.7621,-0.5091,0.3886,1506.8358,lift
206,4,94,thumb,-0.0495,0.7635,-0.5088,0.3886,1511.8225,lift
206,4,94,thumb,-0.0494,0.7639,-0.5087,0.3886,1516.8088,lift
206,4,94,thumb,-0.0493,0.7644,-0.5086,0.3886,1521.7952,lift
206,4,94,thumb,-0.0493,0.7653,-0.5086,0.3886,1526.7819,lift
206,4,94,thumb,-0.0491,0.7658,-0.5085,0.3886,1531.7688,lift
206,4,94,thumb,-0.0487,0.7658,-0.5086,0.3883,1536.7556,lift
206,4,94,thumb,-0.0487,0.7658,-0.5086,0.3883,1541.7424,lift
206,4,94,thumb,-0.0483,0.7678,-0.5086,0.3880,1546.7286,lift
206,4,94,thumb,-0.0482,0.7685,-0.5086,0.3880,1551.7152,lift
206,4,94,thumb,-0.0481,0.7693,-0.5086,0.3879,1556.7025,lift
206,4,94,thumb,-0.0482,0.7703,-0.5085,0.3881,1561.6881,lift
206,4,94,thumb,-0.0482,0.7713,-0.5085,0.3881,1566.6757,lift
206,4,94,thumb,-0.0479,0.7730,-0.5087,0.3878,1571.662,lift
206,4,94,thumb,-0.0478,0.7738,-0.5090,0.3876,1576.6489,lift
206,4,94,thumb,-0.0477,0.7756,-0.5090,0.3875,1582.6329,lift
206,4,94,thumb,-0.0477,0.7756,-0.5090,0.3875,1587.6195,lift
206,4,94,thumb,-0.0480,0.7775,-0.5091,0.3877,1592.6066,lift
206,4,94,thumb,-0.0478,0.7784,-0.5092,0.3876,1597.5935,lift
206,4,94,thumb,-0.0480,0.7798,-0.5096,0.3874,1602.5795,lift
206,4,94,thumb,-0.0473,0.7815,-0.5099,0.3868,1607.5666,lift
206,4,94,thumb,-0.0474,0.7826,-0.5100,0.3869,1612.5529,lift
206,4,94,thumb,-0.0474,0.7835,-0.5101,0.3868,1617.5389,lift
206,4,94,thumb,-0.0473,0.7846,-0.5102,0.3867,1622.5265,lift
206,4,94,thumb,-0.0474,0.7862,-0.5105,0.3867,1627.5122,lift
206,4,94,thumb,-0.0474,0.7874,-0.5106,0.3866,1632.4994,lift
206,4,94,thumb,-0.0473,0.7896,-0.5110,0.3865,1637.4857,lift
206,4,94,thumb,-0.0473,0.7909,-0.5112,0.3863,1642.4735,lift
206,4,94,thumb,-0.0472,0.7924,-0.5114,0.3863,1647.4592,lift
206,4,94,thumb,-0.0473,0.7938,-0.5116,0.3862,1652.446,lift
206,4,94,thumb,-0.0473,0.7964,-0.5123,0.3860,1657.4332,lift
206,4,94,thumb,-0.0474,0.7979,-0.5125,0.3860,1662.4195,lift
206,4,94,thumb,-0.0468,0.7989,-0.5126,0.3856,1667.4059,lift
206,4,94,thumb,-0.0469,0.8005,-0.5129,0.3856,1672.3925,lift
206,4,94,thumb,-0.0469,0.8020,-0.5133,0.3855,1677.3789,lift
206,4,94,thumb,-0.0473,0.8040,-0.5135,0.3857,1682.3658,lift
206,4,94,thumb,-0.0473,0.8056,-0.5138,0.3857,1687.3525,lift
206,4,94,thumb,-0.0471,0.8085,-0.5140,0.3858,1692.3393,lift
206,4,94,thumb,-0.0471,0.8085,-0.5140,0.3858,1697.3263,lift
206,4,94,thumb,-0.0480,0.8127,-0.5146,0.3864,1702.0259,lift
206,4,94,thumb,-0.0479,0.8144,-0.5151,0.3862,1706.9999,lift
206,4,94,thumb,-0.0482,0.8182,-0.5154,0.3866,1711.9866,lift
206,4,94,thumb,-0.0483,0.8198,-0.5155,0.3869,1716.9726,lift
206,4,94,thumb,-0.0483,0.8198,-0.5155,0.3869,1721.9603,lift
206,4,94,thumb,-0.0475,0.8232,-0.5159,0.3866,1726.9462,lift
206,4,94,thumb,-0.0482,0.8253,-0.5161,0.3872,1731.933,lift
206,4,94,thumb,-0.0477,0.8288,-0.5164,0.3872,1736.9196,lift
206,4,94,thumb,-0.0484,0.8311,-0.5167,0.3879,1741.9066,lift
206,4,94,thumb,-0.0484,0.8330,-0.5168,0.3881,1746.8928,lift
206,4,94,thumb,-0.0483,0.8348,-0.5169,0.3883,1751.8795,lift
206,4,94,thumb,-0.0484,0.8368,-0.5170,0.3886,1756.8666,lift
206,4,94,thumb,-0.0485,0.8405,-0.5174,0.3891,1761.8531,lift
206,4,94,thumb,-0.0486,0.8424,-0.5176,0.3895,1766.8396,lift
206,4,94,thumb,-0.0478,0.8438,-0.5176,0.3893,1771.8258,lift
206,4,94,thumb,-0.0480,0.8459,-0.5176,0.3898,1776.8131,lift
206,4,94,thumb,-0.0482,0.8478,-0.5179,0.3901,1781.7996,lift
206,4,94,thumb,-0.0482,0.8497,-0.5181,0.3904,1786.7864,lift
206,4,94,thumb,-0.0485,0.8538,-0.5184,0.3913,1791.7726,lift
206,4,94,thumb,-0.0487,0.8559,-0.5188,0.3916,1796.7596,lift
206,4,94,thumb,-0.0487,0.8580,-0.5190,0.3920,1801.7459,replace
206,4,94,thumb,-0.0488,0.8598,-0.5192,0.3923,1806.5271,replace
206,4,94,thumb,-0.0489,0.8617,-0.5194,0.3927,1811.5144,replace
206,4,94,thumb,-0.0492,0.8639,-0.5195,0.3934,1816.5016,replace
206,4,94,thumb,-0.0496,0.8675,-0.5200,0.3942,1821.4874,replace
206,4,94,thumb,-0.0492,0.8692,-0.5200,0.3944,1826.4746,replace
206,4,94,thumb,-0.0494,0.8710,-0.5202,0.3949,1831.4607,replace
206,4,94,thumb,-0.0494,0.8728,-0.5204,0.3952,1836.4482,replace
206,4,94,thumb,-0.0493,0.8744,-0.5206,0.3954,1841.4349,replace
206,4,94,thumb,-0.0502,0.8782,-0.5210,0.3968,1846.4211,replace
206,4,94,thumb,-0.0498,0.8796,-0.5210,0.3970,1851.4082,replace
206,4,94,thumb,-0.0499,0.8814,-0.5212,0.3974,1856.3937,replace
206,4,94,thumb,-0.0501,0.8829,-0.5215,0.3978,1861.3819,replace
206,4,94,thumb,-0.0506,0.8864,-0.5219,0.3989,1866.3677,replace
206,4,94,thumb,-0.0508,0.8880,-0.5221,0.3993,1871.3538,replace
206,4,94,thumb,-0.0506,0.8891,-0.5221,0.3995,1876.3413,replace
206,4,94,thumb,-0.0505,0.8906,-0.5222,0.3999,1881.3272,replace
206,4,94,thumb,-0.0506,0.8923,-0.5223,0.4005,1886.3155,replace
206,4,94,thumb,-0.0506,0.8950,-0.5226,0.4011,1891.301,replace
206,4,94,thumb,-0.0506,0.8950,-0.5226,0.4011,1896.2887,replace
206,4,94,thumb,-0.0507,0.8979,-0.5230,0.4019,1901.274,replace
206,4,94,thumb,-0.0507,0.8979,-0.5230,0.4019,1906.2612,replace
206,4,94,thumb,-0.0511,0.9008,-0.5233,0.4029,1911.2487,replace
206,4,94,thumb,-0.0509,0.9033,-0.5237,0.4033,1916.2339,replace
206,4,94,thumb,-0.0508,0.9046,-0.5239,0.4036,1921.2205,replace
206,4,94,thumb,-0.0509,0.9059,-0.5240,0.4040,1926.2072,replace
206,4,94,thumb,-0.0513,0.9074,-0.5240,0.4048,1931.194,replace
206,4,94,thumb,-0.0513,0.9086,-0.5241,0.4051,1936.1811,replace
206,4,94,thumb,-0.0512,0.9100,-0.5243,0.4055,1941.1677,replace
206,4,94,thumb,-0.0513,0.9126,-0.5250,0.4060,1946.1541,replace
206,4,94,thumb,-0.0513,0.9126,-0.5250,0.4060,1950.1435,replace
206,4,94,thumb,-0.0512,0.9149,-0.5248,0.4069,1955.1297,replace
206,4,94,thumb,-0.0512,0.9162,-0.5250,0.4072,1960.1164,replace
206,4,94,thumb,-0.0514,0.9173,-0.5251,0.4077,1965.103,replace
206,4,94,thumb,-0.0511,0.9193,-0.5256,0.4080,1970.09,replace
206,4,94,thumb,-0.0511,0.9193,-0.5256,0.4080,1975.0778,replace
206,4,94,thumb,-0.0513,0.9217,-0.5259,0.4088,1980.063,replace
206,4,94,thumb,-0.0514,0.9227,-0.5260,0.4092,1985.0498,replace
206,4,94,thumb,-0.0514,0.9236,-0.5260,0.4095,1990.0366,replace
206,4,94,thumb,-0.0514,0.9245,-0.5261,0.4098,1995.0239,replace
206,4,94,thumb,-0.0512,0.9263,-0.5263,0.4103,2000.0096,replace
206,4,94,thumb,-0.0511,0.9273,-0.5264,0.4105,2004.9962,replace
206,4,94,thumb,-0.0509,0.9278,-0.5266,0.4105,2009.983,replace
206,4,94,thumb,-0.0508,0.9285,-0.5265,0.4108,2014.9698,replace
206,4,94,thumb,-0.0508,0.9299,-0.5266,0.4112,2019.9567,replace
206,4,94,thumb,-0.0507,0.9305,-0.5268,0.4113,2024.9431,replace
206,4,94,thumb,-0.0506,0.9312,-0.5268,0.4115,2029.93,replace
206,4,94,thumb,-0.0507,0.9320,-0.5269,0.4119,2034.9162,replace
206,4,94,thumb,-0.0505,0.9326,-0.5269,0.4120,2039.9031,replace
206,4,94,thumb,-0.0505,0.9331,-0.5269,0.4122,2044.8901,replace
206,4,94,thumb,-0.0503,0.9341,-0.5271,0.4124,2049.8764,replace
206,4,94,thumb,-0.0502,0.9345,-0.5271,0.4124,2054.8632,replace
206,4,94,thumb,-0.0500,0.9350,-0.5273,0.4124,2059.8495,replace
206,4,94,thumb,-0.0499,0.9354,-0.5273,0.4125,2064.8361,replace
206,4,94,thumb,-0.0496,0.9363,-0.5275,0.4126,2069.8232,replace
206,4,94,thumb,-0.0496,0.9363,-0.5275,0.4126,2074.8104,replace
206,4,94,thumb,-0.0495,0.9371,-0.5276,0.4128,2079.7962,replace
206,4,94,thumb,-0.0495,0.9376,-0.5277,0.4129,2084.7833,replace
206,4,94,thumb,-0.0497,0.9381,-0.5276,0.4134,2089.7695,replace
206,4,94,thumb,-0.0496,0.9385,-0.5277,0.4134,2094.7566,replace
206,4,94,thumb,-0.0491,0.9388,-0.5280,0.4130,2099.7426,replace
206,4,94,thumb,-0.0490,0.9390,-0.5281,0.4130,2104.7296,replace
206,4,94,thumb,-0.0489,0.9393,-0.5282,0.4130,2109.6645,replace
206,4,94,thumb,-0.0492,0.9398,-0.5280,0.4135,2114.6518,replace
206,4,94,thumb,-0.0492,0.9400,-0.5280,0.4136,2119.6388,replace
206,4,94,thumb,-0.0486,0.9402,-0.5284,0.4131,2124.6247,replace
206,4,94,thumb,-0.0486,0.9402,-0.5284,0.4131,2129.6116,replace
206,4,94,thumb,-0.0485,0.9405,-0.5284,0.4131,2134.5981,replace
206,4,94,thumb,-0.0487,0.9407,-0.5284,0.4134,2139.5851,replace
206,4,94,thumb,-0.0489,0.9409,-0.5282,0.4136,2144.5718,replace
206,4,94,thumb,-0.0484,0.9409,-0.5286,0.4131,2149.5581,replace
206,4,94,thumb,-0.0482,0.9410,-0.5286,0.4130,2154.5449,replace
206,4,94,thumb,-0.0482,0.9410,-0.5286,0.4130,2159.5312,replace
206,4,94,thumb,-0.0482,0.9410,-0.5286,0.4130,2164.5181,replace
206,4,94,thumb,-0.0483,0.9410,-0.5286,0.4131,2169.5056,replace
206,4,94,thumb,-0.0482,0.9410,-0.5286,0.4131,2174.4918,replace
206,4,94,thumb,-0.0479,0.9410,-0.5288,0.4128,2179.478,replace
206,4,94,thumb,-0.0479,0.9410,-0.5288,0.4127,2184.4651,replace
206,4,94,thumb,-0.0479,0.9410,-0.5288,0.4127,2189.4511,replace
206,4,94,thumb,-0.0480,0.9411,-0.5287,0.4128,2194.4377,replace
206,4,94,thumb,-0.0479,0.9410,-0.5287,0.4128,2199.4248,replace
206,4,94,thumb,-0.0477,0.9409,-0.5288,0.4126,2204.4115,replace
206,4,94,thumb,-0.0477,0.9409,-0.5288,0.4126,2209.3986,replace
206,4,94,thumb,-0.0477,0.9409,-0.5288,0.4125,2214.3841,replace
206,4,94,thumb,-0.0478,0.9409,-0.5287,0.4126,2219.3713,replace
206,4,94,thumb,-0.0478,0.9409,-0.5287,0.4126,2224.3585,replace
206,4,94,thumb,-0.0474,0.9401,-0.5288,0.4121,2229.3454,replace
206,4,94,thumb,-0.0473,0.9400,-0.5288,0.4119,2234.3313,replace
206,4,94,thumb,-0.0473,0.9398,-0.5289,0.4118,2239.3176,replace
206,4,94,thumb,-0.0474,0.9397,-0.5288,0.4119,2244.3046,replace
206,4,94,thumb,-0.0476,0.9393,-0.5286,0.4120,2249.292,replace
206,4,94,thumb,-0.0476,0.9390,-0.5286,0.4118,2254.2781,replace
206,4,94,thumb,-0.0475,0.9387,-0.5286,0.4116,2259.2644,replace
206,4,94,thumb,-0.0475,0.9385,-0.5286,0.4115,2264.2513,replace
206,4,94,thumb,-0.0474,0.9381,-0.5286,0.4113,2269.2381,replace
206,4,94,thumb,-0.0474,0.9377,-0.5287,0.4110,2274.2256,replace
206,4,94,thumb,-0.0474,0.9369,-0.5287,0.4108,2279.2118,replace
206,4,94,thumb,-0.0475,0.9365,-0.5287,0.4106,2284.1976,replace
206,4,94,thumb,-0.0475,0.9361,-0.5287,0.4104,2289.1846,replace
206,4,94,thumb,-0.0475,0.9356,-0.5287,0.4103,2294.1714,replace
206,4,94,thumb,-0.0480,0.9348,-0.5284,0.4104,2299.1581,replace
206,4,94,thumb,-0.0481,0.9344,-0.5283,0.4103,2304.1442,replace
206,4,94,thumb,-0.0481,0.9340,-0.5283,0.4102,2308.9955,replace
206,4,94,thumb,-0.0481,0.9335,-0.5283,0.4100,2313.9809,replace
206,4,94,thumb,-0.0481,0.9330,-0.5283,0.4098,2318.9679,replace
206,4,94,thumb,-0.0481,0.9325,-0.5285,0.4095,2323.9543,replace
206,4,94,thumb,-0.0481,0.9319,-0.5285,0.4092,2328.941,replace
206,4,94,thumb,-0.0483,0.9307,-0.5284,0.4088,2333.9277,replace
206,4,94,thumb,-0.0483,0.9302,-0.5284,0.4087,2338.9144,replace
206,4,94,thumb,-0.0487,0.9298,-0.5285,0.4086,2343.9015,replace
206,4,94,thumb,-0.0485,0.9291,-0.5283,0.4084,2348.8878,replace
206,4,94,thumb,-0.0489,0.9287,-0.5280,0.4087,2353.8747,replace
206,4,94,thumb,-0.0490,0.9276,-0.5279,0.4084,2358.8613,replace
206,4,94,thumb,-0.0488,0.9269,-0.5280,0.4079,2363.8483,replace
206,4,94,thumb,-0.0489,0.9263,-0.5279,0.4078,2368.8343,replace
206,4,94,thumb,-0.0490,0.9256,-0.5278,0.4076,2373.8215,replace
206,4,94,thumb,-0.0494,0.9244,-0.5276,0.4075,2378.8084,replace
206,4,94,thumb,-0.0495,0.9239,-0.5275,0.4074,2383.7941,replace
206,4,94,thumb,-0.0497,0.9233,-0.5276,0.4073,2388.7811,replace
206,4,94,thumb,-0.0497,0.9227,-0.5276,0.4071,2393.7675,replace
206,4,94,thumb,-0.0494,0.9220,-0.5274,0.4067,2398.754,replace
206,4,94,thumb,-0.0498,0.9211,-0.5272,0.4068,2403.7409,replace
206,4,94,thumb,-0.0498,0.9211,-0.5272,0.4068,2408.5813,replace
206,4,94,thumb,-0.0497,0.9196,-0.5269,0.4063,2413.5658,replace
206,4,94,thumb,-0.0499,0.9191,-0.5269,0.4063,2418.5533,replace
206,4,94,thumb,-0.0500,0.9185,-0.5268,0.4062,2423.5391,replace
206,4,94,thumb,-0.0499,0.9171,-0.5265,0.4058,2428.5259,replace
206,4,94,thumb,-0.0499,0.9165,-0.5264,0.4056,2433.5126,replace
206,4,94,thumb,-0.0499,0.9159,-0.5263,0.4055,2438.4992,replace
206,4,94,thumb,-0.0500,0.9153,-0.5263,0.4053,2443.4862,replace
206,4,94,thumb,-0.0501,0.9147,-0.5263,0.4051,2448.4732,replace
206,4,94,thumb,-0.0501,0.9141,-0.5261,0.4050,2453.4606,replace
206,4,94,thumb,-0.0503,0.9128,-0.5258,0.4049,2458.4458,replace
206,4,94,thumb,-0.0504,0.9122,-0.5257,0.4048,2463.4332,replace
206,4,94,thumb,-0.0503,0.9115,-0.5257,0.4045,2468.4193,replace
206,4,94,thumb,-0.0504,0.9108,-0.5257,0.4043,2473.4069,replace
206,4,94,thumb,-0.0504,0.9102,-0.5256,0.4041,2478.393,replace
206,4,94,thumb,-0.0508,0.9091,-0.5253,0.4041,2483.3793,replace
206,4,94,thumb,-0.0509,0.9084,-0.5252,0.4040,2488.3656,replace
206,4,94,thumb,-0.0507,0.9076,-0.5254,0.4035,2493.3525,replace
206,4,94,thumb,-0.0506,0.9070,-0.5253,0.4033,2498.3395,replace
206,4,94,thumb,-0.0509,0.9057,-0.5251,0.4032,2503.3265,replace
206,4,94,thumb,-0.0509,0.9057,-0.5251,0.4032,2507.5658,replace
206,4,94,thumb,-0.0512,0.9043,-0.5249,0.4030,2512.552,replace
206,4,94,thumb,-0.0513,0.9035,-0.5248,0.4029,2517.5386,replace
206,4,94,thumb,-0.0514,0.9026,-0.5247,0.4027,2522.5255,replace
206,4,94,thumb,-0.0515,0.9019,-0.5246,0.4026,2527.5116,replace
206,4,94,thumb,-0.0511,0.9002,-0.5246,0.4017,2532.4993,replace
206,4,94,thumb,-0.0511,0.8994,-0.5245,0.4015,2537.486,replace
206,4,94,thumb,-0.0512,0.8985,-0.5245,0.4013,2542.4726,replace
206,4,94,thumb,-0.0512,0.8976,-0.5245,0.4010,2547.4587,replace
206,4,94,thumb,-0.0512,0.8967,-0.5244,0.4007,2552.4454,replace
206,4,94,thumb,-0.0512,0.8958,-0.5243,0.4006,2557.4318,replace
206,4,94,thumb,-0.0516,0.8943,-0.5238,0.4006,2562.4197,replace
206,4,94,thumb,-0.0517,0.8933,-0.5238,0.4003,2567.4054,replace
206,4,94,thumb,-0.0517,0.8923,-0.5238,0.4000,2572.3918,replace
206,4,94,thumb,-0.0517,0.8913,-0.5237,0.3998,2577.3786,replace
206,4,94,thumb,-0.0518,0.8895,-0.5236,0.3993,2582.3656,replace
206,4,94,thumb,-0.0518,0.8895,-0.5236,0.3993,2587.3527,replace
206,4,94,thumb,-0.0517,0.8875,-0.5236,0.3986,2592.3387,replace
206,4,94,thumb,-0.0517,0.8865,-0.5235,0.3984,2597.3253,replace
206,4,94,thumb,-0.0518,0.8854,-0.5234,0.3982,2602.312,replace
206,4,94,thumb,-0.0518,0.8843,-0.5233,0.3979,2607.2996,replace
206,4,94,thumb,-0.0519,0.8824,-0.5231,0.3975,2612.2853,replace
206,4,94,thumb,-0.0519,0.8812,-0.5231,0.3972,2617.2719,replace
206,4,94,thumb,-0.0519,0.8801,-0.5230,0.3970,2622.2585,replace
206,4,94,thumb,-0.0517,0.8789,-0.5230,0.3966,2627.2452,replace
206,4,94,thumb,-0.0516,0.8778,-0.5229,0.3962,2632.2317,replace
206,4,94,thumb,-0.0516,0.8757,-0.5227,0.3957,2637.2185,replace
206,4,94,thumb,-0.0516,0.8745,-0.5226,0.3954,2642.2056,replace
206,4,94,thumb,-0.0516,0.8734,-0.5226,0.3951,2647.192,replace
206,4,94,thumb,-0.0516,0.8723,-0.5226,0.3948,2652.1787,replace
206,4,94,thumb,-0.0515,0.8712,-0.5226,0.3945,2657.166,replace
206,4,94,thumb,-0.0515,0.8700,-0.5225,0.3942,2662.1521,replace
206,4,94,thumb,-0.0515,0.8677,-0.5225,0.3936,2667.1387,replace
206,4,94,thumb,-0.0515,0.8668,-0.5224,0.3934,2672.1251,replace
206,4,94,thumb,-0.0514,0.8655,-0.5224,0.3930,2677.1118,replace
206,4,94,thumb,-0.0512,0.8641,-0.5223,0.3926,2682.0988,replace
206,4,94,thumb,-0.0513,0.8629,-0.5222,0.3924,2687.0856,replace
206,4,94,thumb,-0.0513,0.8609,-0.5222,0.3919,2692.0721,replace
206,4,94,thumb,-0.0512,0.8596,-0.5221,0.3916,2697.059,replace
206,4,94,thumb,-0.0512,0.8583,-0.5221,0.3913,2702.0451,replace
206,4,94,thumb,-0.0512,0.8571,-0.5221,0.3910,2707.0327,replace
206,4,94,thumb,-0.0510,0.8548,-0.5221,0.3903,2712.0184,replace
206,4,94,thumb,-0.0510,0.8537,-0.5220,0.3901,2717.0052,replace
206,4,94,thumb,-0.0512,0.8525,-0.5220,0.3900,2721.9913,replace
206,4,94,thumb,-0.0512,0.8513,-0.5220,0.3897,2726.9784,replace
206,4,94,thumb,-0.0511,0.8499,-0.5219,0.3894,2731.9658,replace
206,4,94,thumb,-0.0510,0.8476,-0.5219,0.3888,2736.9522,replace
206,4,94,thumb,-0.0511,0.8465,-0.5218,0.3887,2741.9392,replace
206,4,94,thumb,-0.0511,0.8451,-0.5219,0.3884,2746.9253,replace
206,4,94,thumb,-0.0510,0.8439,-0.5218,0.3881,2751.9117,replace
206,4,94,thumb,-0.0510,0.8426,-0.5216,0.3880,2756.8981,replace
206,4,94,thumb,-0.0510,0.8413,-0.5217,0.3877,2761.8846,replace
206,4,94,thumb,-0.0508,0.8390,-0.5215,0.3872,2766.8719,replace
206,4,94,thumb,-0.0508,0.8377,-0.5213,0.3871,2771.8581,replace
206,4,94,thumb,-0.0509,0.8365,-0.5212,0.3870,2776.8451,replace
206,4,94,thumb,-0.0508,0.8351,-0.5212,0.3867,2781.8318,replace
206,4,94,thumb,-0.0507,0.8339,-0.5211,0.3865,2786.8191,replace
206,4,94,thumb,-0.0507,0.8317,-0.5209,0.3862,2791.805,replace
206,4,94,thumb,-0.0506,0.8303,-0.5210,0.3858,2796.7922,replace
206,4,94,thumb,-0.0506,0.8291,-0.5209,0.3857,2801.778,replace
206,4,94,thumb,-0.0505,0.8281,-0.5208,0.3856,2806.765,replace
206,4,94,thumb,-0.0504,0.8270,-0.5206,0.3854,2811.7521,replace
206,4,94,thumb,-0.0502,0.8246,-0.5205,0.3851,2816.7384,replace
206,4,94,thumb,-0.0504,0.8235,-0.5203,0.3851,2821.7251,replace
206,4,94,thumb,-0.0505,0.8225,-0.5201,0.3852,2826.7119,replace
206,4,94,thumb,-0.0503,0.8213,-0.5201,0.3849,2831.6984,replace
206,4,94,thumb,-0.0502,0.8191,-0.5197,0.3848,2836.6856,replace
206,4,94,thumb,-0.0502,0.8191,-0.5197,0.3848,2841.6723,replace
206,4,94,thumb,-0.0501,0.8170,-0.5195,0.3845,2846.6589,replace
206,4,94,thumb,-0.0500,0.8159,-0.5196,0.3843,2851.6449,replace
206,4,94,thumb,-0.0500,0.8149,-0.5194,0.3842,2856.6316,replace
206,4,94,thumb,-0.0499,0.8129,-0.5193,0.3840,2861.6183,replace
206,4,94,thumb,-0.0499,0.8120,-0.5193,0.3839,2866.6051,replace
206,4,94,thumb,-0.0499,0.8120,-0.5193,0.3839,2871.5912,replace
206,4,94,thumb,-0.0499,0.8120,-0.5193,0.3839,2876.5791,replace
206,4,94,thumb,-0.0500,0.8091,-0.5187,0.3841,2881.5645,replace
206,4,94,thumb,-0.0502,0.8083,-0.5186,0.3842,2886.5517,replace
206,4,94,thumb,-0.0500,0.8065,-0.5187,0.3838,2891.538,replace
206,4,94,thumb,-0.0499,0.8055,-0.5185,0.3837,2896.5253,replace
206,4,94,thumb,-0.0500,0.8048,-0.5182,0.3839,2901.511,replace
206,4,94,thumb,-0.0502,0.8041,-0.5179,0.3842,2906.498,replace
206,4,94,thumb,-0.0502,0.8041,-0.5179,0.3842,2910.9554,replace
206,4,94,thumb,-0.0500,0.8017,-0.5178,0.3839,2915.9253,replace
206,4,94,thumb,-0.0499,0.8008,-0.5177,0.3839,2920.9121,replace
206,4,94,thumb,-0.0499,0.8001,-0.5175,0.3840,2925.8988,replace
206,4,94,thumb,-0.0499,0.8001,-0.5175,0.3840,2930.8857,replace
206,4,94,thumb,-0.0502,0.7989,-0.5171,0.3843,2935.8723,replace
206,4,94,thumb,-0.0503,0.7983,-0.5170,0.3844,2940.8591,replace
206,4,94,thumb,-0.0501,0.7968,-0.5169,0.3843,2945.8451,replace
206,4,94,thumb,-0.0501,0.7961,-0.5168,0.3842,2950.8319,replace
206,4,94,thumb,-0.0501,0.7961,-0.5168,0.3842,2955.8191,replace
206,4,94,thumb,-0.0502,0.7947,-0.5166,0.3843,2960.8053,replace
206,4,94,thumb,-0.0502,0.7942,-0.5165,0.3844,2965.7919,return
206,4,94,thumb,-0.0502,0.7930,-0.5164,0.3844,2970.7789,return
206,4,94,thumb,-0.0502,0.7930,-0.5164,0.3844,2975.7653,return
206,4,94,thumb,-0.0502,0.7921,-0.5162,0.3845,2980.7519,return
206,4,94,thumb,-0.0502,0.7914,-0.5160,0.3845,2985.7389,return
206,4,94,thumb,-0.0502,0.7901,-0.5159,0.3845,2990.7254,return
206,4,94,thumb,-0.0502,0.7901,-0.5159,0.3845,2995.7122,return
206,4,94,thumb,-0.0503,0.7891,-0.5158,0.3846,3000.6987,return
206,4,94,thumb,-0.0503,0.7887,-0.5156,0.3847,3005.6851,return
206,4,94,thumb,-0.0503,0.7882,-0.5156,0.3847,3010.6716,return
206,4,94,thumb,-0.0504,0.7878,-0.5155,0.3848,3015.6583,return
206,4,94,thumb,-0.0504,0.7874,-0.5154,0.3849,3020.6453,return
206,4,94,thumb,-0.0504,0.7865,-0.5155,0.3847,3025.632,return
206,4,94,thumb,-0.0503,0.7860,-0.5154,0.3847,3030.6192,return
206,4,94,thumb,-0.0502,0.7856,-0.5151,0.3848,3035.6049,return
206,4,94,thumb,-0.0502,0.7852,-0.5151,0.3848,3040.592,return
206,4,94,thumb,-0.0503,0.7844,-0.5149,0.3850,3045.5788,return
206,4,94,thumb,-0.0503,0.7840,-0.5149,0.3850,3050.565,return
206,4,94,thumb,-0.0503,0.7837,-0.5148,0.3850,3055.5517,return
206,4,94,thumb,-0.0504,0.7834,-0.5149,0.3850,3060.5385,return
206,4,94,thumb,-0.0504,0.7832,-0.5149,0.3850,3065.5258,return
206,4,94,thumb,-0.0504,0.7827,-0.5148,0.3851,3070.5121,return
206,4,94,thumb,-0.0505,0.7824,-0.5147,0.3852,3075.4988,return
206,4,94,thumb,-0.0505,0.7822,-0.5146,0.3852,3080.4851,return
206,4,94,thumb,-0.0506,0.7820,-0.5145,0.3853,3085.4723,return
206,4,94,thumb,-0.0507,0.7819,-0.5143,0.3856,3090.4592,return
206,4,94,thumb,-0.0508,0.7817,-0.5143,0.3856,3095.446,return
206,4,94,thumb,-0.0508,0.7814,-0.5142,0.3856,3100.4317,return
206,4,94,thumb,-0.0508,0.7813,-0.5142,0.3857,3105.4184,return
206,4,94,thumb,-0.0508,0.7812,-0.5142,0.3857,3110.4051,return
206,4,94,thumb,-0.0509,0.7811,-0.5142,0.3857,3115.0735,return
206,4,94,thumb,-0.0509,0.7810,-0.5142,0.3858,3120.0603,return
206,4,94,thumb,-0.0509,0.7809,-0.5141,0.3858,3125.0472,return
206,4,94,thumb,-0.0509,0.7809,-0.5141,0.3858,3130.0341,return
206,4,94,thumb,-0.0509,0.7809,-0.5141,0.3858,3135.0203,return
206,4,94,thumb,-0.0510,0.7810,-0.5141,0.3859,3140.0074,return
206,4,94,thumb,-0.0513,0.7809,-0.5138,0.3862,3144.9939,return
206,4,94,thumb,-0.0512,0.7809,-0.5139,0.3862,3149.9801,return
206,4,94,thumb,-0.0512,0.7809,-0.5138,0.3862,3154.967,return
206,4,94,thumb,-0.0512,0.7809,-0.5138,0.3862,3159.9534,return
206,4,94,thumb,-0.0511,0.7810,-0.5136,0.3863,3164.9405,return
206,4,94,thumb,-0.0514,0.7809,-0.5132,0.3868,3169.927,return
206,4,94,thumb,-0.0514,0.7809,-0.5132,0.3868,3174.9139,return
206,4,94,thumb,-0.0510,0.7805,-0.5129,0.3867,3179.9,return
206,4,94,thumb,-0.0509,0.7804,-0.5128,0.3867,3184.8871,return
206,4,94,thumb,-0.0508,0.7803,-0.5128,0.3867,3189.8733,return
206,4,94,thumb,-0.0509,0.7801,-0.5126,0.3869,3194.8599,return
206,4,94,thumb,-0.0507,0.7798,-0.5124,0.3869,3199.847,return
206,4,94,thumb,-0.0505,0.7795,-0.5124,0.3868,3204.8335,return
206,4,94,thumb,-0.0505,0.7793,-0.5123,0.3868,3209.8205,return
206,4,94,thumb,-0.0505,0.7791,-0.5122,0.3869,3214.8064,return
206,4,94,thumb,-0.0506,0.7791,-0.5121,0.3871,3219.7935,return
206,4,94,thumb,-0.0506,0.7787,-0.5119,0.3872,3224.7798,return
206,4,94,thumb,-0.0505,0.7785,-0.5119,0.3872,3229.7673,return
206,4,94,thumb,-0.0505,0.7783,-0.5119,0.3872,3234.7535,return
206,4,94,thumb,-0.0505,0.7781,-0.5117,0.3873,3239.74,return
206,4,94,thumb,-0.0505,0.7780,-0.5117,0.3873,3244.7265,return
206,4,94,thumb,-0.0506,0.7776,-0.5116,0.3874,3249.7132,return
206,4,94,thumb,-0.0506,0.7776,-0.5116,0.3874,3254.7,return
206,4,94,thumb,-0.0507,0.7771,-0.5115,0.3875,3259.6866,return
206,4,94,thumb,-0.0507,0.7769,-0.5115,0.3875,3264.6738,return
206,4,94,thumb,-0.0506,0.7767,-0.5114,0.3875,3269.6598,return
206,4,94,thumb,-0.0507,0.7764,-0.5112,0.3877,3274.6475,return
206,4,94,thumb,-0.0506,0.7761,-0.5112,0.3876,3279.6333,return
206,4,94,thumb,-0.0508,0.7758,-0.5114,0.3876,3284.6199,return
206,4,94,thumb,-0.0508,0.7756,-0.5114,0.3876,3289.6063,return
206,4,94,thumb,-0.0508,0.7754,-0.5114,0.3876,3294.5939,return
206,4,94,thumb,-0.0508,0.7754,-0.5111,0.3878,3299.5802,return
206,4,94,thumb,-0.0508,0.7753,-0.5112,0.3878,3304.5667,return
206,4,94,thumb,-0.0508,0.7753,-0.5112,0.3878,3309.5537,return
206,4,94,thumb,-0.0510,0.7750,-0.5112,0.3878,3314.54,return
206,4,94,thumb,-0.0481,0.7715,-0.5124,0.3850,3319.5269,return
206,4,94,thumb,-0.0482,0.7707,-0.5126,0.3849,3324.5136,return
206,4,94,thumb,-0.0483,0.7706,-0.5126,0.3849,3329.4999,return
206,4,94,thumb,-0.0483,0.7706,-0.5127,0.3849,3334.4864,return
206,4,94,thumb,-0.0484,0.7705,-0.5127,0.3849,3339.4732,return
206,4,94,thumb,-0.0484,0.7704,-0.5127,0.3850,3344.4604,return
206,4,94,thumb,-0.0487,0.7710,-0.5127,0.3851,3349.4468,return
206,4,94,thumb,-0.0487,0.7709,-0.5127,0.3851,3354.4336,return
206,4,94,thumb,-0.0487,0.7708,-0.5127,0.3851,3359.42,return
206,4,94,thumb,-0.0488,0.7707,-0.5127,0.3852,3364.4069,return
206,4,94,thumb,-0.0488,0.7706,-0.5128,0.3851,3369.3937,return
206,4,94,thumb,-0.0487,0.7705,-0.5127,0.3851,3374.3814,return
206,4,94,thumb,-0.0487,0.7695,-0.5127,0.3851,3379.3666,return
206,4,94,thumb,-0.0488,0.7695,-0.5127,0.3851,3384.3531,return
206,4,94,thumb,-0.0488,0.7694,-0.5128,0.3851,3389.3399,return
206,4,94,thumb,-0.0489,0.7694,-0.5128,0.3852,3394.3263,return
206,4,94,thumb,-0.0489,0.7694,-0.5128,0.3852,3399.3136,return
206,4,94,thumb,-0.0490,0.7701,-0.5129,0.3852,3404.2996,return
206,4,94,thumb,-0.0490,0.7701,-0.5129,0.3852,3409.2876,return
206,4,94,thumb,-0.0490,0.7695,-0.5128,0.3853,3413.9352,return
206,4,94,thumb,-0.0491,0.7695,-0.5128,0.3853,3418.9228,return
206,4,94,thumb,-0.0491,0.7695,-0.5128,0.3853,3423.9091,return
206,4,94,thumb,-0.0491,0.7694,-0.5128,0.3853,3428.8961,return
206,4,94,thumb,-0.0492,0.7693,-0.5129,0.3853,3433.882,return
206,4,94,thumb,-0.0491,0.7690,-0.5128,0.3853,3438.8687,return
206,4,94,thumb,-0.0494,0.7683,-0.5128,0.3855,3443.8558,return
206,4,94,thumb,-0.0495,0.7682,-0.5128,0.3855,3448.8425,return
206,4,94,thumb,-0.0495,0.7682,-0.5128,0.3855,3453.8289,return
206,4,94,thumb,-0.0495,0.7688,-0.5129,0.3855,3458.8155,return
206,4,94,thumb,-0.0495,0.7686,-0.5129,0.3855,3463.802,return
206,4,94,thumb,-0.0497,0.7677,-0.5129,0.3856,3468.7886,return
206,4,94,thumb,-0.0490,0.7674,-0.5129,0.3851,3473.7757,return
206,4,94,thumb,-0.0498,0.7683,-0.5129,0.3856,3478.7625,return
206,4,94,thumb,-0.0498,0.7683,-0.5129,0.3856,3483.7487,return
206,4,94,thumb,-0.0499,0.7683,-0.5130,0.3856,3488.7354,return
206,4,94,thumb,-0.0499,0.7678,-0.5131,0.3855,3493.7218,return
206,4,94,thumb,-0.0497,0.7672,-0.5129,0.3856,3498.7093,return
206,4,94,thumb,-0.0492,0.7676,-0.5130,0.0094,3503.6957,return
206,4,94,thumb,-0.0492,0.7676,-0.5130,0.0094,3508.6833,return
206,4,94,thumb,-0.0493,0.7678,-0.5130,0.0092,3513.2318,return
206,4,94,thumb,-0.0493,0.7677,-0.5130,0.0093,3518.2187,return
206,4,94,thumb,-0.0501,0.7674,-0.5129,0.0088,3523.2053,return
206,4,94,thumb,-0.0495,0.7676,-0.5130,0.0092,3528.1923,return
206,4,94,thumb,-0.0495,0.7676,-0.5130,0.0092,3533.1787,return
206,4,94,thumb,-0.0497,0.7679,-0.5130,0.0089,3538.1649,return
206,4,94,thumb,-0.0497,0.7679,-0.5130,0.0089,3543.1523,return
206,4,94,thumb,-0.0505,0.7670,-0.5130,0.0088,3548.138,return
206,4,94,thumb,-0.0505,0.7670,-0.5131,0.0088,3553.1255,return
206,4,94,thumb,-0.0503,0.7669,-0.5133,0.0092,3558.1116,return
206,4,94,thumb,-0.0503,0.7669,-0.5133,0.0092,3563.0987,return
206,4,94,thumb,-0.0503,0.7669,-0.5133,0.0091,3568.0848,return
206,4,94,thumb,-0.0505,0.7668,-0.5133,0.0091,3573.0724,return
206,4,94,thumb,-0.0506,0.7672,-0.5136,0.0090,3578.0589,return
206,4,94,thumb,-0.0506,0.7672,-0.5136,0.0090,3583.0454,return
206,4,94,thumb,-0.0516,0.7652,-0.5136,0.0097,3588.0313,return
206,4,94,thumb,-0.0517,0.7650,-0.5137,0.0098,3593.0184,return
206,4,94,thumb,-0.0518,0.7649,-0.5138,0.0099,3598.0049,return
206,4,94,thumb,-0.0518,0.7648,-0.5139,0.0100,3602.9915,return
206,4,94,thumb,-0.0527,0.7651,-0.5135,0.0093,3607.9796,return
206,4,94,thumb,-0.0515,0.7660,-0.5144,0.0096,3612.4833,return
206,4,94,thumb,-0.0516,0.7661,-0.5145,0.0096,3617.4604,return
206,4,94,thumb,-0.0517,0.7662,-0.5146,0.0095,3622.4467,return
206,4,94,thumb,-0.0519,0.7663,-0.5146,0.0094,3627.4329,return
206,4,94,thumb,-0.0521,0.7663,-0.5147,0.0094,3632.421,return
206,4,94,thumb,-0.0483,0.7612,-0.5148,0.0148,3637.4069,return
206,4,94,thumb,-0.0479,0.7608,-0.5152,0.0155,3642.3935,return
206,4,94,thumb,-0.0482,0.7624,-0.5157,0.0145,3647.38,return
206,4,94,thumb,-0.0481,0.7623,-0.5158,0.0146,3652.367,return
206,4,94,thumb,-0.0482,0.7623,-0.5160,0.0147,3657.3538,return
206,4,94,thumb,-0.0494,0.7636,-0.5160,0.0132,3662.3402,return
206,4,94,thumb,-0.0495,0.7637,-0.5161,0.0131,3667.3268,return
206,4,94,thumb,-0.0496,0.7638,-0.5161,0.0130,3672.3132,return
206,4,94,thumb,-0.0498,0.7636,-0.5161,0.0131,3677.2996,return
206,4,94,thumb,-0.0504,0.7638,-0.5160,0.0126,3682.2863,return
206,4,94,thumb,-0.0505,0.7639,-0.5160,0.0125,3687.274,return
206,4,94,thumb,-0.0500,0.7635,-0.5161,0.0130,3692.2601,return
206,4,94,thumb,-0.0500,0.7635,-0.5161,0.0130,3697.2467,return
206,4,94,thumb,-0.0501,0.7636,-0.5161,0.0129,3702.2333,return
206,4,94,thumb,-0.0518,0.7645,-0.5161,0.0115,3707.22,return
206,4,94,thumb,-0.0520,0.7646,-0.5161,0.0114,3712.2071,return
206,4,94,thumb,-0.0513,0.7646,-0.5164,0.0119,3717.1938,return
206,4,94,thumb,-0.0514,0.7646,-0.5164,0.0119,3722.1801,return
206,4,94,thumb,-0.0514,0.7646,-0.5164,0.0118,3727.1668,return
206,4,94,thumb,-0.0519,0.7642,-0.5169,0.0123,3732.1537,return
206,4,94,thumb,-0.0520,0.7641,-0.5170,0.0123,3737.1403,return
206,4,94,thumb,-0.0512,0.7636,-0.5171,0.0131,3742.1273,return
206,4,94,thumb,-0.0512,0.7637,-0.5171,0.0130,3747.1132,return
206,4,94,thumb,-0.0513,0.7637,-0.5171,0.0130,3752.1004,return
206,4,94,thumb,-0.0514,0.7636,-0.5173,0.0131,3757.0865,return
206,4,94,thumb,-0.0523,0.7639,-0.5171,0.0125,3762.0739,return
206,4,94,thumb,-0.0516,0.7634,-0.5173,0.0132,3767.0605,return
206,4,94,thumb,-0.0516,0.7634,-0.5173,0.0131,3772.0464,return
206,4,94,thumb,-0.0510,0.7630,-0.5174,0.0137,3777.0334,return
206,4,94,thumb,-0.0511,0.7631,-0.5174,0.0136,3782.0196,return
206,4,94,thumb,-0.0526,0.7641,-0.5171,0.0123,3787.0068,return
206,4,94,thumb,-0.0526,0.7641,-0.5171,0.0122,3791.9932,return
206,4,94,thumb,-0.0513,0.7632,-0.5174,0.0135,3796.9804,return
206,4,94,thumb,-0.0513,0.7633,-0.5174,0.0134,3801.9664,return
206,4,94,thumb,-0.0514,0.7633,-0.5174,0.0134,3806.9534,return
206,4,94,thumb,-0.0568,0.7533,-0.5145,0.0197,3811.9397,return
206,4,94,thumb,-0.0526,0.7638,-0.5175,0.0128,3816.927,return
206,4,94,thumb,-0.0514,0.7631,-0.5177,0.0137,3821.9137,return
206,4,94,thumb,-0.0515,0.7631,-0.5177,0.0136,3826.9,return
206,4,94,thumb,-0.0515,0.7632,-0.5177,0.0136,3831.8863,return
206,4,94,thumb,-0.0518,0.7636,-0.5179,0.0133,3836.8736,return
206,4,94,thumb,-0.0519,0.7637,-0.5179,0.0133,3841.8601,return
206,4,94,thumb,-0.0525,0.7638,-0.5178,0.0130,3846.8466,return
206,4,94,thumb,-0.0558,0.7531,-0.5155,0.0203,3851.8332,return
206,4,94,thumb,-0.0543,0.7529,-0.5159,0.0207,3856.8206,return
206,4,94,thumb,-0.0560,0.7531,-0.5158,0.0204,3861.8069,return
206,4,94,thumb,-0.0546,0.7529,-0.5163,0.0208,3866.7933,return
206,4,94,thumb,-0.0528,0.7629,-0.5191,0.0144,3871.7796,return
206,4,94,thumb,-0.0533,0.7738,-0.5309,0.0156,3876.7669,return
206,4,94,thumb,-0.0533,0.7738,-0.5309,0.0176,3881.7526,return
206,4,94,thumb,-0.0533,0.7738,-0.5309,0.0174,3886.7401,return
206,4,94,thumb,-0.0533,0.7738,-0.5309,0.0170,3891.7263,return
206,4,94,thumb,-0.0533,0.7738,-0.5309,0.0167,3896.7132,return
206,4,94,thumb,-0.0533,0.7738,-0.5309,0.0302,3901.6992,return
206,4,94,thumb,-0.0533,0.7738,-0.5309,0.0285,3906.6869,return
206,4,94,thumb,-0.0533,0.7738,-0.5309,0.0151,3911.6734,return
206,4,94,thumb,-0.0533,0.7738,-0.5309,0.0140,3916.4199,return
206,4,94,thumb,-0.0533,0.7738,-0.5309,0.0136,3921.4063,return
206,4,94,thumb,-0.0533,0.7738,-0.5309,0.0137,3926.3929,return
206,4,94,thumb,-0.0539,0.7631,-0.5244,0.0140,3931.3792,return
206,4,94,thumb,-0.0539,0.7631,-0.5244,0.0010,3936.3669,return
206,4,94,thumb,-0.0539,0.7631,-0.5244,0.0015,3941.3529,return
206,4,94,thumb,-0.0539,0.7631,-0.5244,0.0048,3946.3394,return
206,4,94,thumb,-0.0539,0.7631,-0.5244,0.0047,3951.3267,return
206,4,94,thumb,-0.0539,0.7631,-0.5244,0.0059,3956.3124,return
206,4,94,thumb,-0.0539,0.7631,-0.5244,0.0070,3961.2995,return
206,4,94,thumb,-0.0539,0.7631,-0.5244,0.0084,3966.2867,return
206,4,94,thumb,-0.0539,0.7631,-0.5244,0.0108,3971.2726,return
206,4,94,thumb,-0.0539,0.7631,-0.5244,0.0124,3976.2594,return
206,4,94,thumb,-0.0539,0.7631,-0.5244,0.0132,3981.2459,return
206,4,94,thumb,-0.0539,0.7631,-0.5244,0.0144,3986.2335,return
206,4,94,thumb,-0.0539,0.7631,-0.5244,0.0166,3991.2196,return
206,4,94,thumb,-0.0539,0.7631,-0.5244,0.0173,3996.206,return
206,4,94,thumb,-0.0539,0.7631,-0.5244,0.0184,4001.1926,return
206,4,94,thumb,-0.0539,0.7631,-0.5244,0.0192,4006.1797,return
206,4,94,thumb,-0.0539,0.7631,-0.5244,0.0204,4011.1679,return
206,4,94,thumb,-0.0539,0.7631,-0.5244,0.0230,4016.1526,return
206,4,94,thumb,-0.0539,0.7631,-0.5244,0.0230,4021.1393,return
206,4,94,thumb,-0.0539,0.7631,-0.5244,0.0251,4026.1262,return
206,4,94,thumb,-0.0539,0.7631,-0.5244,0.0262,4031.1129,return
206,4,94,thumb,-0.0539,0.7631,-0.5244,0.0275,4036.1,return
206,4,94,thumb,-0.0539,0.7631,-0.5244,0.0289,4041.0861,return
206,4,94,thumb,-0.0539,0.7631,-0.5244,0.0303,4046.0723,return
206,4,94,thumb,-0.0539,0.7631,-0.5244,0.0331,4051.0591,return
206,4,94,thumb,-0.0539,0.7631,-0.5244,0.0347,4056.046,return
206,4,94,thumb,-0.0539,0.7631,-0.5244,0.0360,4061.0326,return
206,4,94,thumb,-0.0539,0.7631,-0.5244,0.0378,4066.0195,return
206,4,94,thumb,-0.0539,0.7631,-0.5244,0.0416,4071.0063,return
206,4,94,thumb,-0.0539,0.7631,-0.5244,0.0416,4075.9926,return
206,4,94,thumb,-0.0539,0.7631,-0.5244,0.0455,4080.9791,return
206,4,94,thumb,-0.0539,0.7631,-0.5244,0.0474,4085.966,return
206,4,94,thumb,-0.0539,0.7631,-0.5244,0.0521,4090.9528,return
206,4,94,thumb,-0.0539,0.7631,-0.5244,0.0521,4095.9398,return
206,4,94,thumb,-0.0539,0.7631,-0.5244,0.0569,4100.926,return
206,4,94,thumb,-0.0539,0.7631,-0.5244,0.0596,4105.9123,return
206,4,94,thumb,-0.0539,0.7631,-0.5244,0.0624,4110.8995,return
206,4,94,thumb,-0.0539,0.7631,-0.5244,0.0649,4115.6371,return
206,4,94,thumb,-0.0539,0.7631,-0.5244,0.0707,4120.6028,return
206,4,94,thumb,-0.0539,0.7631,-0.5244,0.0736,4125.5888,return
206,4,94,thumb,-0.0539,0.7631,-0.5244,0.0765,4130.5761,return
206,4,94,thumb,-0.0539,0.7631,-0.5244,0.0794,4135.562,return
206,4,94,thumb,-0.0539,0.7631,-0.5244,0.0825,4140.5494,return
206,4,94,thumb,-0.0539,0.7631,-0.5244,0.0887,4145.5358,return
206,4,94,thumb,-0.0539,0.7631,-0.5244,0.0918,4150.5221,return
206,4,94,thumb,-0.0539,0.7631,-0.5244,0.0948,4155.5086,return
206,4,94,thumb,-0.0539,0.7631,-0.5244,0.0980,4160.4952,return
206,4,94,thumb,-0.0539,0.7631,-0.5244,0.1011,4165.483,return
206,4,94,thumb,-0.0539,0.7631,-0.5244,0.1073,4170.469,return
206,4,94,thumb,-0.0539,0.7631,-0.5244,0.1073,4175.456,return
206,4,94,thumb,-0.0539,0.7631,-0.5244,0.1138,4180.4416,return
206,4,94,thumb,-0.0539,0.7631,-0.5244,0.1170,4185.4294,return
206,4,94,thumb,-0.0539,0.7631,-0.5244,0.1202,4190.4159,return
206,4,94,thumb,-0.0539,0.7631,-0.5244,0.1235,4195.4028,return
206,4,94,thumb,-0.0539,0.7631,-0.5244,0.1303,4200.3892,return
206,4,94,thumb,-0.0539,0.7631,-0.5244,0.1334,4205.3754,return
206,4,94,thumb,-0.0539,0.7631,-0.5244,0.1369,4210.3621,return
206,4,94,thumb,-0.0539,0.7631,-0.5244,0.1402,4215.3495,return
206,4,94,thumb,-0.0539,0.7631,-0.5244,0.1436,4220.1039,return
206,4,94,thumb,-0.0539,0.7631,-0.5244,0.1505,4225.09,return
206,4,94,thumb,-0.0539,0.7631,-0.5244,0.1540,4230.0768,return
206,4,94,thumb,-0.0539,0.7631,-0.5244,0.1575,4235.0634,return
206,4,94,thumb,-0.0539,0.7631,-0.5244,0.1608,4240.05,return
206,4,94,thumb,-0.0539,0.7631,-0.5244,0.1677,4245.037,return
206,4,94,thumb,-0.0539,0.7631,-0.5244,0.1712,4250.023,return
206,4,94,thumb,-0.0539,0.7631,-0.5244,0.1749,4255.0098,return
206,4,94,thumb,-0.0539,0.7631,-0.5244,0.1783,4259.9965,return
206,4,94,thumb,-0.0539,0.7631,-0.5244,0.1817,4264.9833,return
206,4,94,thumb,-0.0539,0.7631,-0.5244,0.1851,4269.9702,return
206,4,94,thumb,-0.0539,0.7631,-0.5244,0.1887,4274.9566,return
206,4,94,thumb,-0.0539,0.7631,-0.5244,0.1958,4279.9429,return
206,4,94,thumb,-0.0539,0.7631,-0.5244,0.1994,4284.9303,return
206,4,94,thumb,-0.0539,0.7631,-0.5244,0.2027,4289.916,return
206,4,94,thumb,-0.0539,0.7631,-0.5244,0.2062,4294.9025,return
206,4,94,thumb,-0.0539,0.7631,-0.5244,0.2135,4299.8901,return
206,4,94,thumb,-0.0539,0.7631,-0.5244,0.2171,4304.8769,return
206,4,94,thumb,-0.0539,0.7631,-0.5244,0.2210,4309.8631,return
206,4,94,thumb,-0.0539,0.7631,-0.5244,0.2245,4314.8506,return
206,4,94,thumb,-0.0539,0.7631,-0.5244,0.2283,4319.3645,return
206,4,94,thumb,-0.0539,0.7631,-0.5244,0.2318,4324.3509,return
206,4,94,thumb,-0.0539,0.7631,-0.5244,0.2393,4329.3383,return
206,4,94,thumb,-0.0539,0.7631,-0.5244,0.2433,4334.324,return
206,4,94,thumb,-0.0539,0.7631,-0.5244,0.2469,4339.3107,return
206,4,94,thumb,-0.0539,0.7631,-0.5244,0.2507,4344.2979,return
206,4,94,thumb,-0.0539,0.7631,-0.5244,0.2579,4349.2844,return
206,4,94,thumb,-0.0539,0.7631,-0.5244,0.2616,4354.2715,return
206,4,94,thumb,-0.0539,0.7631,-0.5244,0.2616,4359.2585,return
206,4,94,thumb,-0.0539,0.7631,-0.5244,0.2690,4364.2445,return
206,4,94,thumb,-0.0539,0.7631,-0.5244,0.2725,4369.2309,return
206,4,94,thumb,-0.0539,0.7631,-0.5244,0.2764,4374.2181,return
206,4,94,thumb,-0.0539,0.7631,-0.5244,0.2833,4379.2041,return
206,4,94,thumb,-0.0539,0.7631,-0.5244,0.2868,4384.1908,return
206,4,94,thumb,-0.0539,0.7631,-0.5244,0.2901,4389.1776,return
206,4,94,thumb,-0.0539,0.7631,-0.5244,0.2935,4394.1638,return
206,4,94,thumb,-0.0539,0.7631,-0.5244,0.2968,4399.1507,return
206,4,94,thumb,-0.0539,0.7631,-0.5244,0.3030,4404.1371,return
206,4,94,thumb,-0.0539,0.7631,-0.5244,0.3060,4409.1247,return
206,4,94,thumb,-0.0539,0.7631,-0.5244,0.3091,4414.1104,return
206,4,94,thumb,-0.0539,0.7631,-0.5244,0.3121,4419.0979,return
206,4,94,thumb,-0.0539,0.7631,-0.5244,0.3181,4424.0841,return
206,4,94,thumb,-0.0539,0.7631,-0.5244,0.3209,4429.0709,return
206,4,94,thumb,-0.0539,0.7631,-0.5244,0.3235,4434.0572,return
206,4,94,thumb,-0.0539,0.7631,-0.5244,0.3261,4439.0442,return
206,4,94,thumb,-0.0539,0.7631,-0.5244,0.3288,4444.0307,return
206,4,94,thumb,-0.0539,0.7631,-0.5244,0.3313,4449.0181,return
206,4,94,thumb,-0.0539,0.7631,-0.5244,0.3337,4454.0048,return
206,4,94,thumb,-0.0539,0.7631,-0.5244,0.3360,4458.9907,return
206,4,94,thumb,-0.0539,0.7631,-0.5244,0.3405,4463.9777,return
206,4,94,thumb,-0.0539,0.7631,-0.5244,0.3425,4468.9637,return
206,4,94,thumb,-0.0539,0.7631,-0.5244,0.3446,4473.9509,return
206,4,94,thumb,-0.0539,0.7631,-0.5244,0.3487,4478.9372,return
206,4,94,thumb,-0.0539,0.7631,-0.5244,0.3507,4483.9242,return
206,4,94,thumb,-0.0539,0.7631,-0.5244,0.3507,4488.9111,return
206,4,94,thumb,-0.0539,0.7631,-0.5244,0.3539,4493.8971,return
206,4,94,thumb,-0.0539,0.7631,-0.5244,0.3559,4498.8841,return
206,4,94,thumb,0.1964,0.7574,-0.7877,0.0163,4503.8703,return
206,4,94,thumb,0.1964,0.7574,-0.7877,0.0163,4508.8576,return
206,4,94,thumb,0.1964,0.7574,-0.7877,0.0146,4513.8439,return
206,4,94,thumb,0.1674,0.7498,-0.7893,0.0245,4518.8309,return
206,4,94,thumb,0.1674,0.7498,-0.7893,0.0267,4523.8177,returned
206,4,94,thumb,0.1674,0.7498,-0.7893,0.0268,4528.8044,returned
206,4,94,thumb,0.1674,0.7498,-0.7893,0.0262,4533.7903,returned
206,4,94,thumb,0.1920,0.7495,-0.8026,0.0164,4538.7766,returned
206,4,94,thumb,0.1920,0.7495,-0.8026,0.0087,4543.7639,returned
206,4,94,thumb,0.1920,0.7495,-0.8026,0.0081,4548.751,returned
206,4,94,thumb,0.1920,0.7495,-0.8026,0.0071,4553.7373,returned
206,4,94,thumb,0.1920,0.7495,-0.8026,0.0062,4558.7241,returned
206,4,94,thumb,0.1920,0.7495,-0.8026,0.0060,4563.7105,returned
206,4,94,thumb,0.1920,0.7495,-0.8026,0.0058,4568.6971,returned
206,4,94,thumb,0.1970,0.7478,-0.8028,0.0128,4573.6837,returned
206,4,94,thumb,0.1969,0.7474,-0.8035,0.0086,4578.6705,returned
206,4,94,thumb,0.1969,0.7474,-0.8035,0.0092,4583.6572,returned
206,4,94,thumb,0.1969,0.7474,-0.8035,0.0088,4588.6438,returned
206,4,94,thumb,0.1969,0.7474,-0.8035,0.0089,4593.6301,returned
206,4,94,thumb,0.1948,0.7448,-0.8074,0.0089,4598.6176,returned
206,4,94,thumb,0.1948,0.7448,-0.8074,0.0054,4603.6032,returned
206,4,94,thumb,0.1948,0.7448,-0.8074,0.0054,4608.5916,returned
206,4,94,thumb,0.1948,0.7448,-0.8074,0.0065,4613.577,returned
206,4,94,thumb,0.1948,0.7448,-0.8074,0.0062,4618.5638,returned
206,4,94,thumb,0.1948,0.7448,-0.8074,0.0058,4623.5507,returned
206,4,94,thumb,0.1948,0.7448,-0.8074,0.0058,4628.5378,returned
206,4,94,thumb,0.1948,0.7448,-0.8074,0.0046,4633.5235,returned
206,4,94,thumb,0.1948,0.7448,-0.8074,0.0049,4638.5103,returned
206,4,94,thumb,0.1948,0.7448,-0.8074,0.0047,4643.4966,returned
206,4,94,thumb,0.1948,0.7448,-0.8074,0.0047,4648.484,returned
206,4,94,thumb,0.1948,0.7448,-0.8074,0.0046,4653.4706,returned
206,4,94,thumb,0.1948,0.7448,-0.8074,0.0047,4658.4569,returned
206,4,94,thumb,0.1948,0.7448,-0.8074,0.0045,4663.444,returned
206,4,94,thumb,0.1948,0.7448,-0.8074,0.0045,4668.4303,returned
206,4,94,thumb,0.1948,0.7448,-0.8074,0.0045,4673.4171,returned
206,4,94,thumb,0.1948,0.7448,-0.8074,0.0045,4678.4043,returned
206,4,94,thumb,0.1948,0.7448,-0.8074,0.0045,4683.3906,returned
206,4,94,thumb,0.1948,0.7448,-0.8074,0.0042,4688.377,returned
206,4,94,thumb,0.1948,0.7448,-0.8074,0.0090,4693.3635,returned
206,4,94,thumb,0.1948,0.7448,-0.8074,0.0090,4698.3503,returned
206,4,94,thumb,0.1948,0.7448,-0.8074,0.0090,4703.3372,returned
206,4,94,thumb,0.1948,0.7448,-0.8074,0.0090,4708.3237,returned
206,4,94,thumb,0.1948,0.7448,-0.8074,0.0081,4713.3102,returned
206,4,94,thumb,0.1948,0.7448,-0.8074,0.0082,4718.2968,returned
206,4,94,thumb,0.1948,0.7448,-0.8074,0.0081,4723.2836,returned
206,4,94,thumb,0.1948,0.7448,-0.8074,0.0080,4728.271,returned
206,4,94,thumb,0.1948,0.7448,-0.8074,0.0087,4733.2577,returned
206,4,94,thumb,0.1948,0.7448,-0.8074,0.0087,4738.2432,returned
206,4,94,thumb,0.1948,0.7448,-0.8074,0.0080,4743.2306,returned
206,4,94,thumb,0.1948,0.7448,-0.8074,0.0079,4748.2164,returned
206,4,94,thumb,0.1948,0.7448,-0.8074,0.0079,4753.2039,returned
206,4,94,thumb,0.1948,0.7448,-0.8074,0.0082,4758.19,returned
206,4,94,thumb,0.1948,0.7448,-0.8074,0.0082,4763.1776,returned
206,4,94,thumb,0.1948,0.7448,-0.8074,0.0077,4768.1635,returned
206,4,94,thumb,0.1948,0.7448,-0.8074,0.0076,4773.1499,returned
206,4,94,thumb,0.1948,0.7448,-0.8074,0.0076,4778.1366,returned
206,4,94,thumb,0.1948,0.7448,-0.8074,0.0079,4783.1234,returned
206,4,94,thumb,0.1948,0.7448,-0.8074,0.0079,4788.1102,returned
206,4,94,thumb,0.1948,0.7448,-0.8074,0.0079,4793.0964,returned
206,4,94,thumb,0.1948,0.7448,-0.8074,0.0074,4798.0831,returned
206,4,94,thumb,0.1948,0.7448,-0.8074,0.0074,4803.0707,returned
206,4,94,thumb,0.1948,0.7448,-0.8074,0.0074,4808.0574,returned
206,4,94,thumb,0.1948,0.7448,-0.8074,0.0077,4813.0434,returned
206,4,94,thumb,0.1948,0.7448,-0.8074,0.0077,4818.0302,returned
206,4,94,thumb,0.1948,0.7448,-0.8074,0.0077,4822.9518,returned
206,4,94,thumb,0.1948,0.7448,-0.8074,0.0077,4827.9386,returned
206,4,94,thumb,0.1948,0.7448,-0.8074,0.0077,4832.9259,returned
206,4,94,thumb,0.1948,0.7448,-0.8074,0.0077,4837.9113,returned
206,4,94,thumb,0.1948,0.7448,-0.8074,0.0077,4842.8984,returned
206,4,94,thumb,0.1948,0.7448,-0.8074,0.0079,4847.8847,returned
206,4,94,thumb,0.1948,0.7448,-0.8074,0.0078,4852.8734,returned
206,4,94,thumb,0.1948,0.7448,-0.8074,0.0080,4857.8581,returned
206,4,94,thumb,0.1948,0.7448,-0.8074,0.0077,4862.8458,returned
206,4,94,thumb,0.1948,0.7448,-0.8074,0.0078,4867.8314,returned
206,4,94,thumb,0.1948,0.7448,-0.8074,0.0079,4872.8184,returned
206,4,94,thumb,0.1948,0.7448,-0.8074,0.0080,4877.8048,returned
206,4,94,thumb,0.1948,0.7448,-0.8074,0.0080,4882.7914,returned
206,4,94,thumb,0.1948,0.7448,-0.8074,0.0079,4887.7787,returned
206,4,94,thumb,0.1948,0.7448,-0.8074,0.0079,4892.7653,returned
206,4,94,thumb,0.1948,0.7448,-0.8074,0.0079,4897.7513,returned
206,4,94,thumb,0.1948,0.7448,-0.8074,0.0078,4902.7384,returned
206,4,94,thumb,0.1948,0.7448,-0.8074,0.0078,4907.7257,returned
206,4,94,thumb,0.1948,0.7448,-0.8074,0.0078,4912.7116,returned
206,4,94,thumb,0.1948,0.7448,-0.8074,0.0078,4917.6986,returned
206,4,94,thumb,0.1948,0.7448,-0.8074,0.0078,4922.3749,returned
206,4,94,thumb,0.1948,0.7448,-0.8074,0.0079,4927.3617,returned
206,4,94,thumb,0.1948,0.7448,-0.8074,0.0078,4932.3492,returned
206,4,94,thumb,0.1948,0.7448,-0.8074,0.0077,4937.3354,returned
206,4,94,thumb,0.1948,0.7448,-0.8074,0.0077,4942.3223,returned
206,4,94,thumb,0.1948,0.7448,-0.8074,0.0077,4947.3082,returned
206,4,94,thumb,0.1948,0.7448,-0.8074,0.0077,4952.2952,returned
206,4,94,thumb,0.1948,0.7448,-0.8074,0.0076,4957.2822,returned
206,4,94,thumb,0.1948,0.7448,-0.8074,0.0075,4962.2688,returned
206,4,94,thumb,0.1948,0.7448,-0.8074,0.0075,4967.2551,returned
206,4,94,thumb,0.1948,0.7448,-0.8074,0.0075,4972.2412,returned
206,4,94,thumb,0.1948,0.7448,-0.8074,0.0075,4977.2284,returned
206,4,94,thumb,0.1948,0.7448,-0.8074,0.0075,4982.2151,returned
206,4,94,thumb,0.1948,0.7448,-0.8074,0.0075,4987.2017,returned
206,4,94,thumb,0.1948,0.7448,-0.8074,0.0076,4992.1879,returned
206,4,94,thumb,0.1948,0.7448,-0.8074,0.0074,4997.1755,returned
206,4,94,thumb,0.1948,0.7448,-0.8074,0.0074,5002.1615,returned
206,4,94,thumb,0.1948,0.7448,-0.8074,0.0076,5007.1487,returned
206,4,94,thumb,0.1948,0.7448,-0.8074,0.0076,5012.135,returned
206,4,94,thumb,0.1948,0.7448,-0.8074,0.0075,5017.1217,returned
206,4,94,thumb,0.1948,0.7448,-0.8074,0.0075,5022.1083,returned
206,4,94,thumb,0.1948,0.7448,-0.8074,0.0076,5027.095,returned
