participant,block,trial,tracked,time_ms,phase,pos_x,pos_y,pos_z
d3-019,2,29,Wrist,0.9973,startbuffer,0.2632,0.8194,-0.7016
d3-019,2,29,Wrist,6.9807,startbuffer,0.2641,0.8191,-0.6999
d3-019,2,29,Wrist,12.9652,startbuffer,0.2641,0.8191,-0.6999
d3-019,2,29,Wrist,18.9492,startbuffer,0.2641,0.8191,-0.6999
d3-019,2,29,Wrist,23.9962,startbuffer,0.2642,0.8191,-0.7000
d3-019,2,29,Wrist,29.9798,startbuffer,0.2641,0.8191,-0.7000
d3-019,2,29,Wrist,35.1890,startbuffer,0.2641,0.8191,-0.7000
d3-019,2,29,Wrist,41.1731,startbuffer,0.2644,0.8191,-0.7000
d3-019,2,29,Wrist,47.1569,startbuffer,0.2644,0.8191,-0.7000
d3-019,2,29,Wrist,52.9829,startbuffer,0.2644,0.8191,-0.7000
d3-019,2,29,Wrist,58.9663,startbuffer,0.2644,0.8191,-0.7000
d3-019,2,29,Wrist,64.9543,begin,0.2644,0.8191,-0.7000
d3-019,2,29,Wrist,70.9379,begin,0.2644,0.8191,-0.7000
d3-019,2,29,Wrist,76.9220,begin,0.2642,0.8191,-0.7000
d3-019,2,29,Wrist,82.9059,begin,0.2641,0.8191,-0.7000
d3-019,2,29,Wrist,88.8904,begin,0.2642,0.8190,-0.6999
d3-019,2,29,Wrist,94.8739,begin,0.2642,0.8189,-0.6999
d3-019,2,29,Wrist,100.8581,begin,0.2643,0.8189,-0.6999
d3-019,2,29,Wrist,106.8419,begin,0.2642,0.8189,-0.6999
d3-019,2,29,Wrist,112.8259,begin,0.2642,0.8189,-0.6999
d3-019,2,29,Wrist,118.8098,begin,0.2642,0.8189,-0.6999
d3-019,2,29,Wrist,124.7449,begin,0.2645,0.8189,-0.7000
d3-019,2,29,Wrist,130.7289,begin,0.2645,0.8189,-0.7000
d3-019,2,29,Wrist,136.7131,begin,0.2645,0.8189,-0.7000
d3-019,2,29,Wrist,142.6969,begin,0.2645,0.8189,-0.7000
d3-019,2,29,Wrist,148.6814,begin,0.2645,0.8189,-0.7000
d3-019,2,29,Wrist,154.0064,begin,0.2645,0.8189,-0.7000
d3-019,2,29,Wrist,159.9903,begin,0.2641,0.8191,-0.7000
d3-019,2,29,Wrist,165.0353,begin,0.2641,0.8191,-0.7000
d3-019,2,29,Wrist,171.0861,begin,0.2642,0.8190,-0.6999
d3-019,2,29,Wrist,177.0518,begin,0.2642,0.8189,-0.6999
d3-019,2,29,Wrist,183.0354,begin,0.2643,0.8189,-0.6999
d3-019,2,29,Wrist,189.0196,begin,0.2642,0.8189,-0.6999
d3-019,2,29,Wrist,195.0036,begin,0.2642,0.8189,-0.6999
d3-019,2,29,Wrist,201.2306,begin,0.2645,0.8189,-0.7000
d3-019,2,29,Wrist,207.1996,begin,0.2645,0.8189,-0.7000
d3-019,2,29,Wrist,213.1835,begin,0.2644,0.8191,-0.7001
d3-019,2,29,Wrist,219.1672,begin,0.2644,0.8191,-0.7001
d3-019,2,29,Wrist,224.2852,begin,0.2645,0.8190,-0.7000
d3-019,2,29,Wrist,230.2695,begin,0.2646,0.8189,-0.7000
d3-019,2,29,Wrist,236.2531,begin,0.2642,0.8191,-0.7000
d3-019,2,29,Wrist,242.0371,begin,0.2641,0.8191,-0.7001
d3-019,2,29,Wrist,248.0210,begin,0.2642,0.8190,-0.6999
d3-019,2,29,Wrist,254.0084,begin,0.2643,0.8189,-0.6999
d3-019,2,29,Wrist,260.0022,begin,0.2643,0.8189,-0.6999
d3-019,2,29,Wrist,265.9789,begin,0.2643,0.8189,-0.6999
d3-019,2,29,Wrist,271.9628,begin,0.2643,0.8189,-0.6999
d3-019,2,29,Wrist,277.9473,begin,0.2646,0.8189,-0.7000
d3-019,2,29,Wrist,283.9306,begin,0.2645,0.8189,-0.7000
d3-019,2,29,Wrist,289.9150,begin,0.2641,0.8191,-0.7000
d3-019,2,29,Wrist,295.8989,begin,0.2641,0.8191,-0.7000
d3-019,2,29,Wrist,301.2987,begin,0.2645,0.8190,-0.7000
d3-019,2,29,Wrist,307.2747,begin,0.2645,0.8189,-0.7000
d3-019,2,29,Wrist,313.2585,begin,0.2645,0.8189,-0.7000
d3-019,2,29,Wrist,319.2427,begin,0.2642,0.8190,-0.6999
d3-019,2,29,Wrist,324.4521,begin,0.2642,0.8190,-0.6999
d3-019,2,29,Wrist,330.4356,begin,0.2642,0.8190,-0.6999
d3-019,2,29,Wrist,336.4201,begin,0.2642,0.8190,-0.6999
d3-019,2,29,Wrist,341.9907,begin,0.2642,0.8190,-0.6999
d3-019,2,29,Wrist,347.9748,begin,0.2642,0.8190,-0.6999
d3-019,2,29,Wrist,353.9587,begin,0.2642,0.8190,-0.6999
d3-019,2,29,Wrist,360.3865,begin,0.2645,0.8189,-0.7000
d3-019,2,29,Wrist,365.9161,begin,0.2645,0.8189,-0.7000
d3-019,2,29,Wrist,371.8997,begin,0.2641,0.8191,-0.7000
d3-019,2,29,Wrist,377.8837,begin,0.2641,0.8191,-0.7000
d3-019,2,29,Wrist,383.8676,begin,0.2644,0.8190,-0.7000
d3-019,2,29,Wrist,389.8518,begin,0.2645,0.8189,-0.7000
d3-019,2,29,Wrist,395.8357,begin,0.2643,0.8189,-0.6999
d3-019,2,29,Wrist,401.8201,begin,0.2642,0.8189,-0.6999
d3-019,2,29,Wrist,407.8038,begin,0.2642,0.8190,-0.6999
d3-019,2,29,Wrist,413.5147,begin,0.2642,0.8189,-0.6999
d3-019,2,29,Wrist,419.4988,begin,0.2642,0.8189,-0.6999
d3-019,2,29,Wrist,425.0748,begin,0.2641,0.8191,-0.7000
d3-019,2,29,Wrist,431.0583,begin,0.2641,0.8191,-0.7000
d3-019,2,29,Wrist,437.0419,begin,0.2644,0.8191,-0.7001
d3-019,2,29,Wrist,442.9843,begin,0.2644,0.8191,-0.7001
d3-019,2,29,Wrist,448.9689,begin,0.2641,0.8191,-0.7000
d3-019,2,29,Wrist,454.9526,begin,0.2641,0.8191,-0.7000
d3-019,2,29,Wrist,460.3638,begin,0.2641,0.8191,-0.7000
d3-019,2,29,Wrist,465.8561,begin,0.2642,0.8189,-0.6999
d3-019,2,29,Wrist,471.8396,begin,0.2643,0.8189,-0.6999
d3-019,2,29,Wrist,477.8238,begin,0.2642,0.8189,-0.6999
d3-019,2,29,Wrist,483.4348,begin,0.2642,0.8189,-0.6999
d3-019,2,29,Wrist,489.4186,begin,0.2645,0.8189,-0.7000
d3-019,2,29,Wrist,495.4030,begin,0.2645,0.8189,-0.7000
d3-019,2,29,Wrist,501.0183,begin,0.2645,0.8189,-0.7000
d3-019,2,29,Wrist,505.9923,begin,0.2645,0.8189,-0.7000
d3-019,2,29,Wrist,511.9761,begin,0.2645,0.8189,-0.7000
d3-019,2,29,Wrist,517.9601,begin,0.2645,0.8189,-0.6999
d3-019,2,29,Wrist,523.9437,begin,0.2645,0.8189,-0.6999
d3-019,2,29,Wrist,529.9280,begin,0.2641,0.8191,-0.7000
d3-019,2,29,Wrist,535.9120,begin,0.2641,0.8191,-0.7000
d3-019,2,29,Wrist,541.8681,begin,0.2642,0.8190,-0.6999
d3-019,2,29,Wrist,547.8518,begin,0.2642,0.8189,-0.6999
d3-019,2,29,Wrist,553.8360,begin,0.2643,0.8189,-0.6999
d3-019,2,29,Wrist,560.2140,begin,0.2642,0.8189,-0.6999
d3-019,2,29,Wrist,566.1821,begin,0.2642,0.8189,-0.6999
d3-019,2,29,Wrist,572.1442,begin,0.2645,0.8189,-0.6999
d3-019,2,29,Wrist,578.1281,begin,0.2645,0.8189,-0.6999
d3-019,2,29,Wrist,584.0084,begin,0.2645,0.8189,-0.6999
d3-019,2,29,Wrist,589.9923,begin,0.2645,0.8189,-0.6999
d3-019,2,29,Wrist,595.9766,begin,0.2645,0.8189,-0.6999
d3-019,2,29,Wrist,601.9603,begin,0.2645,0.8188,-0.6999
d3-019,2,29,Wrist,607.9446,begin,0.2642,0.8189,-0.6998
d3-019,2,29,Wrist,613.9312,begin,0.2642,0.8189,-0.6998
d3-019,2,29,Wrist,619.9153,begin,0.2644,0.8189,-0.6998
d3-019,2,29,Wrist,625.1616,begin,0.2645,0.8188,-0.6999
d3-019,2,29,Wrist,631.1455,begin,0.2643,0.8188,-0.6998
d3-019,2,29,Wrist,637.1297,begin,0.2642,0.8188,-0.6998
d3-019,2,29,Wrist,643.1137,begin,0.2641,0.8189,-0.6998
d3-019,2,29,Wrist,649.0984,begin,0.2642,0.8188,-0.6998
d3-019,2,29,Wrist,654.5595,begin,0.2642,0.8188,-0.6998
d3-019,2,29,Wrist,660.5435,begin,0.2642,0.8188,-0.6998
d3-019,2,29,Wrist,666.5311,begin,0.2642,0.8188,-0.6998
d3-019,2,29,Wrist,672.3633,begin,0.2642,0.8188,-0.6998
d3-019,2,29,Wrist,678.3472,begin,0.2645,0.8188,-0.6998
d3-019,2,29,Wrist,684.3310,begin,0.2645,0.8188,-0.6998
d3-019,2,29,Wrist,690.3151,begin,0.2642,0.8188,-0.6997
d3-019,2,29,Wrist,696.3021,begin,0.2642,0.8188,-0.6997
d3-019,2,29,Wrist,701.8756,begin,0.2644,0.8186,-0.6999
d3-019,2,29,Wrist,707.8595,begin,0.2645,0.8186,-0.6999
d3-019,2,29,Wrist,713.8434,begin,0.2642,0.8187,-0.6997
d3-019,2,29,Wrist,719.8275,begin,0.2642,0.8187,-0.6996
d3-019,2,29,Wrist,725.8115,begin,0.2644,0.8187,-0.6994
d3-019,2,29,Wrist,731.5447,begin,0.2644,0.8185,-0.6991
d3-019,2,29,Wrist,737.5172,begin,0.2644,0.8185,-0.6989
d3-019,2,29,Wrist,743.5014,begin,0.2643,0.8188,-0.6983
d3-019,2,29,Wrist,749.4856,begin,0.2643,0.8187,-0.6980
d3-019,2,29,Wrist,755.4723,begin,0.2644,0.8185,-0.6979
d3-019,2,29,Wrist,761.1679,begin,0.2644,0.8183,-0.6974
d3-019,2,29,Wrist,767.1518,begin,0.2641,0.8187,-0.6971
d3-019,2,29,Wrist,773.1357,begin,0.2639,0.8188,-0.6965
d3-019,2,29,Wrist,779.1196,begin,0.2642,0.8187,-0.6963
d3-019,2,29,Wrist,785.0744,begin,0.2644,0.8186,-0.6961
d3-019,2,29,Wrist,791.0583,begin,0.2643,0.8190,-0.6960
d3-019,2,29,Wrist,797.0425,begin,0.2642,0.8198,-0.6961
d3-019,2,29,Wrist,802.2789,begin,0.2645,0.8203,-0.6964
d3-019,2,29,Wrist,808.2635,begin,0.2647,0.8202,-0.6971
d3-019,2,29,Wrist,814.2471,begin,0.2653,0.8212,-0.6983
d3-019,2,29,Wrist,820.2310,begin,0.2653,0.8227,-0.6991
d3-019,2,29,Wrist,826.1027,begin,0.2658,0.8234,-0.7001
d3-019,2,29,Wrist,832.0871,begin,0.2669,0.8246,-0.7024
d3-019,2,29,Wrist,838.0709,begin,0.2673,0.8254,-0.7034
d3-019,2,29,Wrist,843.9304,begin,0.2679,0.8274,-0.7056
d3-019,2,29,Wrist,849.9149,begin,0.2684,0.8285,-0.7067
d3-019,2,29,Wrist,855.1023,begin,0.2692,0.8300,-0.7089
d3-019,2,29,Wrist,860.9882,begin,0.2698,0.8308,-0.7099
d3-019,2,29,Wrist,866.9590,begin,0.2701,0.8317,-0.7110
d3-019,2,29,Wrist,872.1825,begin,0.2700,0.8345,-0.7127
d3-019,2,29,Wrist,878.1661,begin,0.2701,0.8355,-0.7135
d3-019,2,29,Wrist,883.8734,begin,0.2700,0.8365,-0.7143
d3-019,2,29,Wrist,889.8569,begin,0.2700,0.8382,-0.7157
d3-019,2,29,Wrist,895.8409,begin,0.2696,0.8395,-0.7161
d3-019,2,29,Wrist,901.8254,out,0.2684,0.8425,-0.7171
d3-019,2,29,Wrist,907.8094,out,0.2678,0.8437,-0.7175
d3-019,2,29,Wrist,913.6416,out,0.2668,0.8456,-0.7181
d3-019,2,29,Wrist,919.6260,out,0.2661,0.8468,-0.7183
d3-019,2,29,Wrist,925.6096,out,0.2651,0.8486,-0.7185
d3-019,2,29,Wrist,931.5941,out,0.2630,0.8515,-0.7187
d3-019,2,29,Wrist,937.5774,out,0.2621,0.8528,-0.7187
d3-019,2,29,Wrist,942.8560,out,0.2601,0.8552,-0.7186
d3-019,2,29,Wrist,948.8403,out,0.2590,0.8565,-0.7185
d3-019,2,29,Wrist,954.8240,out,0.2576,0.8584,-0.7185
d3-019,2,29,Wrist,960.8081,out,0.2552,0.8612,-0.7179
d3-019,2,29,Wrist,966.4157,out,0.2543,0.8619,-0.7173
d3-019,2,29,Wrist,972.0900,out,0.2516,0.8645,-0.7164
d3-019,2,29,Wrist,978.0741,out,0.2502,0.8663,-0.7157
d3-019,2,29,Wrist,983.1934,out,0.2489,0.8676,-0.7152
d3-019,2,29,Wrist,989.1772,out,0.2463,0.8697,-0.7134
d3-019,2,29,Wrist,995.1612,out,0.2452,0.8706,-0.7126
d3-019,2,29,Wrist,1001.1681,out,0.2437,0.8719,-0.7114
d3-019,2,29,Wrist,1007.1359,out,0.2406,0.8745,-0.7094
d3-019,2,29,Wrist,1013.1201,out,0.2393,0.8755,-0.7083
d3-019,2,29,Wrist,1019.1040,out,0.2371,0.8769,-0.7056
d3-019,2,29,Wrist,1025.0873,out,0.2356,0.8778,-0.7043
d3-019,2,29,Wrist,1031.0717,out,0.2326,0.8802,-0.7013
d3-019,2,29,Wrist,1037.0552,out,0.2313,0.8810,-0.6998
d3-019,2,29,Wrist,1042.1907,out,0.2301,0.8818,-0.6982
d3-019,2,29,Wrist,1048.1743,out,0.2276,0.8825,-0.6946
d3-019,2,29,Wrist,1054.1587,out,0.2265,0.8831,-0.6927
d3-019,2,29,Wrist,1060.1425,out,0.2234,0.8849,-0.6889
d3-019,2,29,Wrist,1065.9105,out,0.2221,0.8855,-0.6869
d3-019,2,29,Wrist,1071.1680,out,0.2211,0.8855,-0.6844
d3-019,2,29,Wrist,1077.1353,out,0.2184,0.8860,-0.6801
d3-019,2,29,Wrist,1082.9072,out,0.2171,0.8865,-0.6780
d3-019,2,29,Wrist,1088.8912,out,0.2153,0.8873,-0.6754
d3-019,2,29,Wrist,1094.8750,out,0.2125,0.8876,-0.6701
d3-019,2,29,Wrist,1100.9463,out,0.2100,0.8874,-0.6649
d3-019,2,29,Wrist,1106.9154,out,0.2084,0.8875,-0.6622
d3-019,2,29,Wrist,1112.8224,out,0.2067,0.8885,-0.6596
d3-019,2,29,Wrist,1118.8061,out,0.2041,0.8882,-0.6541
d3-019,2,29,Wrist,1124.7869,out,0.2025,0.8875,-0.6510
d3-019,2,29,Wrist,1130.7708,out,0.2000,0.8873,-0.6454
d3-019,2,29,Wrist,1136.7547,out,0.1986,0.8875,-0.6430
d3-019,2,29,Wrist,1142.7392,out,0.1957,0.8870,-0.6373
d3-019,2,29,Wrist,1148.7230,out,0.1945,0.8859,-0.6340
d3-019,2,29,Wrist,1154.7072,out,0.1932,0.8856,-0.6313
d3-019,2,29,Wrist,1160.6906,out,0.1906,0.8850,-0.6260
d3-019,2,29,Wrist,1166.6751,out,0.1891,0.8847,-0.6231
d3-019,2,29,Wrist,1172.5662,out,0.1865,0.8834,-0.6173
d3-019,2,29,Wrist,1178.5505,out,0.1855,0.8824,-0.6146
d3-019,2,29,Wrist,1184.5342,out,0.1830,0.8813,-0.6092
d3-019,2,29,Wrist,1190.5182,out,0.1818,0.8813,-0.6065
d3-019,2,29,Wrist,1195.6379,out,0.1804,0.8805,-0.6037
d3-019,2,29,Wrist,1201.4340,out,0.1782,0.8784,-0.5979
d3-019,2,29,Wrist,1207.4197,out,0.1769,0.8776,-0.5951
d3-019,2,29,Wrist,1213.3965,out,0.1755,0.8766,-0.5922
d3-019,2,29,Wrist,1219.3802,out,0.1733,0.8759,-0.5872
d3-019,2,29,Wrist,1224.8381,out,0.1720,0.8750,-0.5843
d3-019,2,29,Wrist,1230.8224,out,0.1696,0.8727,-0.5786
d3-019,2,29,Wrist,1236.8066,out,0.1684,0.8717,-0.5758
d3-019,2,29,Wrist,1242.3746,out,0.1676,0.8713,-0.5736
d3-019,2,29,Wrist,1248.3587,out,0.1650,0.8696,-0.5681
d3-019,2,29,Wrist,1253.8934,out,0.1638,0.8683,-0.5652
d3-019,2,29,Wrist,1259.8772,out,0.1614,0.8659,-0.5600
d3-019,2,29,Wrist,1265.8619,out,0.1603,0.8651,-0.5574
d3-019,2,29,Wrist,1271.8452,out,0.1591,0.8644,-0.5550
d3-019,2,29,Wrist,1277.8298,out,0.1571,0.8622,-0.5499
d3-019,2,29,Wrist,1283.8133,out,0.1560,0.8604,-0.5473
d3-019,2,29,Wrist,1289.7975,out,0.1536,0.8578,-0.5426
d3-019,2,29,Wrist,1295.3667,out,0.1530,0.8572,-0.5404
d3-019,2,29,Wrist,1301.2975,out,0.1509,0.8545,-0.5359
d3-019,2,29,Wrist,1307.2814,out,0.1509,0.8545,-0.5359
d3-019,2,29,Wrist,1312.6694,out,0.1485,0.8510,-0.5313
d3-019,2,29,Wrist,1318.6533,out,0.1471,0.8488,-0.5275
d3-019,2,29,Wrist,1324.6373,out,0.1458,0.8474,-0.5253
d3-019,2,29,Wrist,1330.6214,out,0.1438,0.8443,-0.5211
d3-019,2,29,Wrist,1336.4447,out,0.1425,0.8428,-0.5192
d3-019,2,29,Wrist,1341.6215,out,0.1414,0.8416,-0.5173
d3-019,2,29,Wrist,1347.5915,out,0.1399,0.8394,-0.5139
d3-019,2,29,Wrist,1353.1440,out,0.1390,0.8382,-0.5121
d3-019,2,29,Wrist,1359.1275,out,0.1378,0.8369,-0.5102
d3-019,2,29,Wrist,1364.2236,out,0.1365,0.8352,-0.5083
d3-019,2,29,Wrist,1370.2077,out,0.1349,0.8329,-0.5051
d3-019,2,29,Wrist,1376.0796,out,0.1347,0.8322,-0.5037
d3-019,2,29,Wrist,1381.8267,out,0.1329,0.8299,-0.5008
d3-019,2,29,Wrist,1387.8110,out,0.1318,0.8282,-0.4991
d3-019,2,29,Wrist,1393.2071,out,0.1302,0.8259,-0.4963
d3-019,2,29,Wrist,1399.1918,out,0.1299,0.8250,-0.4953
d3-019,2,29,Wrist,1405.0113,out,0.1296,0.8243,-0.4942
d3-019,2,29,Wrist,1410.9957,out,0.1281,0.8220,-0.4918
d3-019,2,29,Wrist,1416.9792,out,0.1271,0.8204,-0.4905
d3-019,2,29,Wrist,1422.9635,out,0.1265,0.8188,-0.4888
d3-019,2,29,Wrist,1428.9474,out,0.1261,0.8182,-0.4879
d3-019,2,29,Wrist,1434.9314,out,0.1252,0.8163,-0.4860
d3-019,2,29,Wrist,1440.9152,out,0.1240,0.8146,-0.4847
d3-019,2,29,Wrist,1446.8993,out,0.1231,0.8128,-0.4831
d3-019,2,29,Wrist,1452.8865,out,0.1231,0.8124,-0.4826
d3-019,2,29,Wrist,1458.8700,out,0.1228,0.8119,-0.4819
d3-019,2,29,Wrist,1464.3622,out,0.1216,0.8094,-0.4801
d3-019,2,29,Wrist,1470.3463,out,0.1211,0.8086,-0.4794
d3-019,2,29,Wrist,1476.0697,out,0.1201,0.8072,-0.4784
d3-019,2,29,Wrist,1481.9681,out,0.1197,0.8069,-0.4779
d3-019,2,29,Wrist,1487.9518,out,0.1193,0.8061,-0.4773
d3-019,2,29,Wrist,1493.9355,out,0.1180,0.8038,-0.4759
d3-019,2,29,Wrist,1499.9194,out,0.1175,0.8032,-0.4754
d3-019,2,29,Wrist,1505.0835,out,0.1165,0.8029,-0.4746
d3-019,2,29,Wrist,1510.8438,out,0.1165,0.8016,-0.4757
d3-019,2,29,Wrist,1516.8117,out,0.1160,0.8011,-0.4752
d3-019,2,29,Wrist,1522.7950,out,0.1142,0.7987,-0.4741
d3-019,2,29,Wrist,1528.7792,out,0.1136,0.7983,-0.4737
d3-019,2,29,Wrist,1534.7635,out,0.1134,0.7991,-0.4735
d3-019,2,29,Wrist,1540.7474,out,0.1122,0.7989,-0.4727
d3-019,2,29,Wrist,1546.7314,out,0.1099,0.7969,-0.4714
d3-019,2,29,Wrist,1552.7182,out,0.1093,0.7968,-0.4710
d3-019,2,29,Wrist,1558.7014,out,0.1094,0.7981,-0.4709
d3-019,2,29,Wrist,1564.3351,out,0.1081,0.7988,-0.4702
d3-019,2,29,Wrist,1570.3190,out,0.1072,0.7984,-0.4698
d3-019,2,29,Wrist,1575.9957,out,0.1052,0.7977,-0.4686
d3-019,2,29,Wrist,1581.9794,out,0.1047,0.7979,-0.4683
d3-019,2,29,Wrist,1587.9638,out,0.1045,0.7997,-0.4682
d3-019,2,29,Wrist,1593.9496,out,0.1033,0.8000,-0.4673
d3-019,2,29,Wrist,1600.4213,out,0.1017,0.7981,-0.4666
d3-019,2,29,Wrist,1605.9129,out,0.1024,0.7991,-0.4669
d3-019,2,29,Wrist,1611.3093,out,0.1017,0.8007,-0.4660
d3-019,2,29,Wrist,1617.2767,out,0.1010,0.8011,-0.4655
d3-019,2,29,Wrist,1623.2608,out,0.0999,0.8004,-0.4646
d3-019,2,29,Wrist,1629.2446,out,0.0991,0.7998,-0.4642
d3-019,2,29,Wrist,1635.2286,out,0.0982,0.8009,-0.4632
d3-019,2,29,Wrist,1641.4502,out,0.0974,0.8021,-0.4628
d3-019,2,29,Wrist,1647.4207,out,0.0969,0.8018,-0.4621
d3-019,2,29,Wrist,1652.9366,out,0.0969,0.8005,-0.4625
d3-019,2,29,Wrist,1658.9200,out,0.0966,0.8006,-0.4623
d3-019,2,29,Wrist,1663.9492,out,0.0949,0.8030,-0.4608
d3-019,2,29,Wrist,1669.9331,out,0.0944,0.8031,-0.4604
d3-019,2,29,Wrist,1675.9177,out,0.0945,0.8016,-0.4605
d3-019,2,29,Wrist,1681.8717,out,0.0941,0.8016,-0.4602
d3-019,2,29,Wrist,1687.8559,out,0.0938,0.8018,-0.4600
d3-019,2,29,Wrist,1693.8391,out,0.0922,0.8044,-0.4588
d3-019,2,29,Wrist,1700.2663,out,0.0918,0.8045,-0.4586
d3-019,2,29,Wrist,1706.2358,out,0.0918,0.8033,-0.4584
d3-019,2,29,Wrist,1711.4730,out,0.0914,0.8028,-0.4584
d3-019,2,29,Wrist,1717.4363,out,0.0903,0.8040,-0.4572
d3-019,2,29,Wrist,1722.4538,out,0.0891,0.8052,-0.4564
d3-019,2,29,Wrist,1728.4374,out,0.0891,0.8052,-0.4564
d3-019,2,29,Wrist,1734.2871,out,0.0883,0.8033,-0.4555
d3-019,2,29,Wrist,1740.2712,out,0.0877,0.8036,-0.4549
d3-019,2,29,Wrist,1745.2755,out,0.0865,0.8060,-0.4542
d3-019,2,29,Wrist,1751.6249,out,0.0854,0.8064,-0.4533
d3-019,2,29,Wrist,1757.5937,out,0.0859,0.8047,-0.4532
d3-019,2,29,Wrist,1763.0838,out,0.0853,0.8046,-0.4525
d3-019,2,29,Wrist,1769.0697,out,0.0836,0.8066,-0.4514
d3-019,2,29,Wrist,1774.9588,out,0.0825,0.8078,-0.4509
d3-019,2,29,Wrist,1780.9428,out,0.0821,0.8070,-0.4501
d3-019,2,29,Wrist,1786.9269,out,0.0827,0.8068,-0.4501
d3-019,2,29,Wrist,1792.9137,out,0.0816,0.8083,-0.4491
d3-019,2,29,Wrist,1798.8980,out,0.0801,0.8103,-0.4484
d3-019,2,29,Wrist,1804.8852,out,0.0796,0.8108,-0.4480
d3-019,2,29,Wrist,1811.3673,out,0.0798,0.8095,-0.4474
d3-019,2,29,Wrist,1817.3303,out,0.0797,0.8101,-0.4472
d3-019,2,29,Wrist,1823.2612,out,0.0774,0.8132,-0.4460
d3-019,2,29,Wrist,1829.2452,out,0.0772,0.8138,-0.4457
d3-019,2,29,Wrist,1834.8557,out,0.0774,0.8128,-0.4453
d3-019,2,29,Wrist,1840.8395,out,0.0771,0.8131,-0.4450
d3-019,2,29,Wrist,1846.8235,out,0.0754,0.8155,-0.4438
d3-019,2,29,Wrist,1852.8075,out,0.0749,0.8169,-0.4434
d3-019,2,29,Wrist,1858.7914,out,0.0746,0.8172,-0.4431
d3-019,2,29,Wrist,1864.6608,out,0.0743,0.8153,-0.4426
d3-019,2,29,Wrist,1870.6447,out,0.0740,0.8156,-0.4422
d3-019,2,29,Wrist,1876.2704,out,0.0723,0.8191,-0.4411
d3-019,2,29,Wrist,1881.8128,out,0.0719,0.8193,-0.4408
d3-019,2,29,Wrist,1887.7973,out,0.0717,0.8193,-0.4403
d3-019,2,29,Wrist,1893.5515,out,0.0720,0.8169,-0.4397
d3-019,2,29,Wrist,1899.5358,out,0.0715,0.8168,-0.4390
d3-019,2,29,Wrist,1905.0288,out,0.0704,0.8192,-0.4385
d3-019,2,29,Wrist,1911.0134,out,0.0704,0.8192,-0.4385
d3-019,2,29,Wrist,1916.9970,out,0.0699,0.8182,-0.4373
d3-019,2,29,Wrist,1922.9810,out,0.0695,0.8169,-0.4367
d3-019,2,29,Wrist,1928.9649,out,0.0690,0.8183,-0.4364
d3-019,2,29,Wrist,1934.9489,out,0.0680,0.8192,-0.4356
d3-019,2,29,Wrist,1940.9329,out,0.0677,0.8187,-0.4350
d3-019,2,29,Wrist,1946.9169,out,0.0676,0.8169,-0.4344
d3-019,2,29,Wrist,1952.9006,out,0.0673,0.8170,-0.4341
d3-019,2,29,Wrist,1958.8849,out,0.0665,0.8189,-0.4340
d3-019,2,29,Wrist,1964.8702,out,0.0660,0.8187,-0.4335
d3-019,2,29,Wrist,1970.8527,out,0.0662,0.8166,-0.4331
d3-019,2,29,Wrist,1976.8369,out,0.0659,0.8165,-0.4328
d3-019,2,29,Wrist,1982.8208,out,0.0651,0.8183,-0.4325
d3-019,2,29,Wrist,1988.8054,out,0.0644,0.8183,-0.4320
d3-019,2,29,Wrist,1994.7885,out,0.0647,0.8167,-0.4314
d3-019,2,29,Wrist,2000.2950,out,0.0647,0.8160,-0.4314
d3-019,2,29,Wrist,2006.2661,out,0.0636,0.8170,-0.4306
d3-019,2,29,Wrist,2012.2514,out,0.0627,0.8177,-0.4305
d3-019,2,29,Wrist,2018.2351,out,0.0625,0.8163,-0.4296
d3-019,2,29,Wrist,2024.2190,out,0.0625,0.8153,-0.4297
d3-019,2,29,Wrist,2030.2029,out,0.0618,0.8156,-0.4288
d3-019,2,29,Wrist,2036.1924,out,0.0606,0.8165,-0.4288
d3-019,2,29,Wrist,2042.1766,out,0.0604,0.8163,-0.4286
d3-019,2,29,Wrist,2048.1603,out,0.0606,0.8141,-0.4284
d3-019,2,29,Wrist,2054.1450,out,0.0604,0.8139,-0.4282
d3-019,2,29,Wrist,2060.1283,out,0.0607,0.8155,-0.4295
d3-019,2,29,Wrist,2066.1034,out,0.0606,0.8150,-0.4294
d3-019,2,29,Wrist,2072.0862,out,0.0607,0.8135,-0.4290
d3-019,2,29,Wrist,2078.0707,out,0.0605,0.8118,-0.4288
d3-019,2,29,Wrist,2084.0545,out,0.0602,0.8115,-0.4287
d3-019,2,29,Wrist,2090.0383,out,0.0594,0.8131,-0.4289
d3-019,2,29,Wrist,2096.0222,out,0.0592,0.8127,-0.4287
d3-019,2,29,Wrist,2102.0064,out,0.0594,0.8097,-0.4286
d3-019,2,29,Wrist,2107.9904,out,0.0593,0.8093,-0.4286
d3-019,2,29,Wrist,2113.1801,out,0.0589,0.8098,-0.4283
d3-019,2,29,Wrist,2119.1642,out,0.0586,0.8111,-0.4287
d3-019,2,29,Wrist,2125.1476,out,0.0585,0.8109,-0.4288
d3-019,2,29,Wrist,2131.1323,out,0.0588,0.8074,-0.4285
d3-019,2,29,Wrist,2137.1159,out,0.0588,0.8073,-0.4286
d3-019,2,29,Wrist,2143.1004,out,0.0580,0.8093,-0.4289
d3-019,2,29,Wrist,2149.0842,out,0.0580,0.8091,-0.4290
d3-019,2,29,Wrist,2155.0715,out,0.0586,0.8080,-0.4290
d3-019,2,29,Wrist,2161.0547,out,0.0588,0.8063,-0.4289
d3-019,2,29,Wrist,2167.0393,out,0.0584,0.8078,-0.4292
d3-019,2,29,Wrist,2173.0229,out,0.0581,0.8082,-0.4294
d3-019,2,29,Wrist,2179.0070,out,0.0586,0.8076,-0.4296
d3-019,2,29,Wrist,2184.9909,out,0.0589,0.8061,-0.4292
d3-019,2,29,Wrist,2190.9748,out,0.0588,0.8074,-0.4296
d3-019,2,29,Wrist,2196.9590,out,0.0583,0.8081,-0.4298
d3-019,2,29,Wrist,2202.9429,out,0.0584,0.8081,-0.4298
d3-019,2,29,Wrist,2208.9271,out,0.0590,0.8063,-0.4295
d3-019,2,29,Wrist,2214.9222,out,0.0590,0.8075,-0.4298
d3-019,2,29,Wrist,2221.0961,out,0.0586,0.8082,-0.4300
d3-019,2,29,Wrist,2227.0658,out,0.0585,0.8083,-0.4301
d3-019,2,29,Wrist,2232.1458,out,0.0590,0.8080,-0.4301
d3-019,2,29,Wrist,2238.1293,out,0.0591,0.8077,-0.4299
d3-019,2,29,Wrist,2243.3344,out,0.0590,0.8081,-0.4300
d3-019,2,29,Wrist,2249.3185,out,0.0586,0.8088,-0.4301
d3-019,2,29,Wrist,2254.8230,out,0.0588,0.8094,-0.4302
d3-019,2,29,Wrist,2260.8065,out,0.0595,0.8090,-0.4302
d3-019,2,29,Wrist,2266.7908,out,0.0595,0.8089,-0.4301
d3-019,2,29,Wrist,2271.9956,out,0.0595,0.8090,-0.4300
d3-019,2,29,Wrist,2277.9647,out,0.0588,0.8106,-0.4302
d3-019,2,29,Wrist,2283.9486,out,0.0589,0.8107,-0.4302
d3-019,2,29,Wrist,2289.9324,out,0.0596,0.8099,-0.4300
d3-019,2,29,Wrist,2294.9789,out,0.0595,0.8100,-0.4301
d3-019,2,29,Wrist,2300.9630,out,0.0589,0.8115,-0.4302
d3-019,2,29,Wrist,2306.9468,out,0.0590,0.8116,-0.4302
d3-019,2,29,Wrist,2312.3493,out,0.0595,0.8110,-0.4301
d3-019,2,29,Wrist,2318.3330,out,0.0595,0.8109,-0.4301
d3-019,2,29,Wrist,2324.0520,out,0.0595,0.8114,-0.4301
d3-019,2,29,Wrist,2330.0358,out,0.0591,0.8125,-0.4304
d3-019,2,29,Wrist,2336.0197,out,0.0594,0.8125,-0.4305
d3-019,2,29,Wrist,2342.0038,out,0.0595,0.8122,-0.4302
d3-019,2,29,Wrist,2347.9877,lift,0.0598,0.8121,-0.4305
d3-019,2,29,Wrist,2353.9721,lift,0.0591,0.8136,-0.4310
d3-019,2,29,Wrist,2359.9556,lift,0.0591,0.8137,-0.4312
d3-019,2,29,Wrist,2365.9401,lift,0.0599,0.8133,-0.4314
d3-019,2,29,Wrist,2371.9237,lift,0.0597,0.8137,-0.4317
d3-019,2,29,Wrist,2377.9077,lift,0.0595,0.8146,-0.4322
d3-019,2,29,Wrist,2383.8917,lift,0.0593,0.8149,-0.4326
d3-019,2,29,Wrist,2389.8753,lift,0.0598,0.8150,-0.4332
d3-019,2,29,Wrist,2395.8597,lift,0.0600,0.8150,-0.4334
d3-019,2,29,Wrist,2401.1074,lift,0.0601,0.8151,-0.4336
d3-019,2,29,Wrist,2407.0915,lift,0.0597,0.8161,-0.4343
d3-019,2,29,Wrist,2412.9616,lift,0.0599,0.8163,-0.4346
d3-019,2,29,Wrist,2418.9452,lift,0.0602,0.8164,-0.4349
d3-019,2,29,Wrist,2424.9293,lift,0.0605,0.8160,-0.4354
d3-019,2,29,Wrist,2431.3741,lift,0.0609,0.8173,-0.4361
d3-019,2,29,Wrist,2437.3269,lift,0.0610,0.8176,-0.4364
d3-019,2,29,Wrist,2443.1568,lift,0.0619,0.8176,-0.4371
d3-019,2,29,Wrist,2449.1402,lift,0.0622,0.8177,-0.4373
d3-019,2,29,Wrist,2455.1266,lift,0.0624,0.8180,-0.4375
d3-019,2,29,Wrist,2461.1243,lift,0.0622,0.8196,-0.4383
d3-019,2,29,Wrist,2467.0974,lift,0.0624,0.8201,-0.4386
d3-019,2,29,Wrist,2473.0814,lift,0.0638,0.8200,-0.4388
d3-019,2,29,Wrist,2479.0655,lift,0.0641,0.8204,-0.4390
d3-019,2,29,Wrist,2485.0492,lift,0.0638,0.8226,-0.4397
d3-019,2,29,Wrist,2491.2621,lift,0.0641,0.8232,-0.4399
d3-019,2,29,Wrist,2497.2312,lift,0.0645,0.8239,-0.4401
d3-019,2,29,Wrist,2502.8933,lift,0.0655,0.8246,-0.4399
d3-019,2,29,Wrist,2508.8774,lift,0.0658,0.8253,-0.4400
d3-019,2,29,Wrist,2514.0438,lift,0.0657,0.8277,-0.4404
d3-019,2,29,Wrist,2520.0281,lift,0.0660,0.8286,-0.4404
d3-019,2,29,Wrist,2525.0659,lift,0.0666,0.8288,-0.4402
d3-019,2,29,Wrist,2531.0681,lift,0.0672,0.8303,-0.4401
d3-019,2,29,Wrist,2537.0315,lift,0.0673,0.8315,-0.4400
d3-019,2,29,Wrist,2543.0157,lift,0.0673,0.8341,-0.4399
d3-019,2,29,Wrist,2549.0007,lift,0.0678,0.8350,-0.4398
d3-019,2,29,Wrist,2554.9836,lift,0.0682,0.8352,-0.4397
d3-019,2,29,Wrist,2560.9672,lift,0.0687,0.8375,-0.4395
d3-019,2,29,Wrist,2566.9516,lift,0.0685,0.8394,-0.4394
d3-019,2,29,Wrist,2572.9352,lift,0.0690,0.8417,-0.4393
d3-019,2,29,Wrist,2578.9195,lift,0.0694,0.8422,-0.4391
d3-019,2,29,Wrist,2584.9035,lift,0.0700,0.8444,-0.4389
d3-019,2,29,Wrist,2590.8874,lift,0.0700,0.8462,-0.4389
d3-019,2,29,Wrist,2596.8715,replace,0.0701,0.8492,-0.4387
d3-019,2,29,Wrist,2601.9874,replace,0.0705,0.8503,-0.4386
d3-019,2,29,Wrist,2607.9713,replace,0.0713,0.8513,-0.4384
d3-019,2,29,Wrist,2613.9552,replace,0.0711,0.8539,-0.4383
d3-019,2,29,Wrist,2619.9396,replace,0.0711,0.8559,-0.4385
d3-019,2,29,Wrist,2625.3935,replace,0.0713,0.8571,-0.4384
d3-019,2,29,Wrist,2631.3789,replace,0.0725,0.8591,-0.4379
d3-019,2,29,Wrist,2637.3493,replace,0.0727,0.8604,-0.4378
d3-019,2,29,Wrist,2642.9726,replace,0.0722,0.8641,-0.4380
d3-019,2,29,Wrist,2648.9564,replace,0.0722,0.8656,-0.4380
d3-019,2,29,Wrist,2654.9405,replace,0.0725,0.8671,-0.4380
d3-019,2,29,Wrist,2660.9242,replace,0.0735,0.8692,-0.4378
d3-019,2,29,Wrist,2666.9083,replace,0.0736,0.8704,-0.4375
d3-019,2,29,Wrist,2672.8925,replace,0.0730,0.8740,-0.4377
d3-019,2,29,Wrist,2678.8763,replace,0.0729,0.8753,-0.4377
d3-019,2,29,Wrist,2684.8603,replace,0.0737,0.8773,-0.4372
d3-019,2,29,Wrist,2690.8444,replace,0.0739,0.8786,-0.4373
d3-019,2,29,Wrist,2696.8283,replace,0.0731,0.8818,-0.4373
d3-019,2,29,Wrist,2702.1191,replace,0.0729,0.8830,-0.4372
d3-019,2,29,Wrist,2708.1032,replace,0.0729,0.8841,-0.4371
d3-019,2,29,Wrist,2714.0909,replace,0.0738,0.8856,-0.4368
d3-019,2,29,Wrist,2720.0753,replace,0.0734,0.8867,-0.4367
d3-019,2,29,Wrist,2726.0623,replace,0.0728,0.8884,-0.4369
d3-019,2,29,Wrist,2732.0469,replace,0.0726,0.8901,-0.4369
d3-019,2,29,Wrist,2738.0303,replace,0.0731,0.8906,-0.4367
d3-019,2,29,Wrist,2743.9933,replace,0.0730,0.8919,-0.4366
d3-019,2,29,Wrist,2749.9773,replace,0.0726,0.8929,-0.4368
d3-019,2,29,Wrist,2755.9607,replace,0.0720,0.8940,-0.4370
d3-019,2,29,Wrist,2760.9911,replace,0.0720,0.8950,-0.4372
d3-019,2,29,Wrist,2766.9772,replace,0.0723,0.8951,-0.4370
d3-019,2,29,Wrist,2772.9611,replace,0.0721,0.8957,-0.4371
d3-019,2,29,Wrist,2778.9451,replace,0.0712,0.8966,-0.4375
d3-019,2,29,Wrist,2784.9287,replace,0.0709,0.8969,-0.4378
d3-019,2,29,Wrist,2790.9129,replace,0.0712,0.8963,-0.4378
d3-019,2,29,Wrist,2796.8971,replace,0.0711,0.8963,-0.4379
d3-019,2,29,Wrist,2802.0278,replace,0.0707,0.8968,-0.4382
d3-019,2,29,Wrist,2808.0114,replace,0.0703,0.8968,-0.4383
d3-019,2,29,Wrist,2813.9952,replace,0.0702,0.8966,-0.4385
d3-019,2,29,Wrist,2819.9793,replace,0.0702,0.8955,-0.4387
d3-019,2,29,Wrist,2825.0691,replace,0.0703,0.8950,-0.4388
d3-019,2,29,Wrist,2831.1053,replace,0.0695,0.8948,-0.4391
d3-019,2,29,Wrist,2837.0732,replace,0.0693,0.8943,-0.4392
d3-019,2,29,Wrist,2843.0577,replace,0.0701,0.8926,-0.4392
d3-019,2,29,Wrist,2849.0420,replace,0.0700,0.8920,-0.4393
d3-019,2,29,Wrist,2854.9882,replace,0.0698,0.8915,-0.4394
d3-019,2,29,Wrist,2860.9721,replace,0.0690,0.8907,-0.4398
d3-019,2,29,Wrist,2866.9564,replace,0.0689,0.8900,-0.4399
d3-019,2,29,Wrist,2872.9407,replace,0.0695,0.8878,-0.4398
d3-019,2,29,Wrist,2878.9241,replace,0.0695,0.8872,-0.4400
d3-019,2,29,Wrist,2884.9084,replace,0.0687,0.8862,-0.4402
d3-019,2,29,Wrist,2891.2753,replace,0.0685,0.8854,-0.4403
d3-019,2,29,Wrist,2902.2340,replace,0.0688,0.8818,-0.4403
d3-019,2,29,Wrist,2911.8532,replace,0.0682,0.8813,-0.4404
d3-019,2,29,Wrist,2917.8370,replace,0.0680,0.8795,-0.4403
d3-019,2,29,Wrist,2923.8207,replace,0.0686,0.8781,-0.4401
d3-019,2,29,Wrist,2929.8051,replace,0.0685,0.8773,-0.4400
d3-019,2,29,Wrist,2935.7891,replace,0.0676,0.8763,-0.4402
d3-019,2,29,Wrist,2941.9371,replace,0.0674,0.8755,-0.4401
d3-019,2,29,Wrist,2947.9082,replace,0.0675,0.8735,-0.4399
d3-019,2,29,Wrist,2953.8508,replace,0.0678,0.8724,-0.4398
d3-019,2,29,Wrist,2959.8344,replace,0.0671,0.8712,-0.4397
d3-019,2,29,Wrist,2965.8186,replace,0.0668,0.8707,-0.4397
d3-019,2,29,Wrist,2971.8024,replace,0.0668,0.8688,-0.4395
d3-019,2,29,Wrist,2977.7867,replace,0.0673,0.8676,-0.4392
d3-019,2,29,Wrist,2983.7705,replace,0.0671,0.8669,-0.4392
d3-019,2,29,Wrist,2989.7542,replace,0.0663,0.8658,-0.4393
d3-019,2,29,Wrist,2995.7385,replace,0.0663,0.8651,-0.4393
d3-019,2,29,Wrist,3001.2505,replace,0.0662,0.8642,-0.4392
d3-019,2,29,Wrist,3007.2259,replace,0.0668,0.8621,-0.4388
d3-019,2,29,Wrist,3012.6389,replace,0.0667,0.8612,-0.4387
d3-019,2,29,Wrist,3018.6226,replace,0.0662,0.8604,-0.4388
d3-019,2,29,Wrist,3024.4676,replace,0.0662,0.8596,-0.4388
d3-019,2,29,Wrist,3030.4521,replace,0.0670,0.8583,-0.4385
d3-019,2,29,Wrist,3035.7261,replace,0.0672,0.8567,-0.4384
d3-019,2,29,Wrist,3041.5490,replace,0.0669,0.8563,-0.4383
d3-019,2,29,Wrist,3047.5221,replace,0.0667,0.8551,-0.4384
d3-019,2,29,Wrist,3053.5063,replace,0.0670,0.8539,-0.4382
d3-019,2,29,Wrist,3059.4901,replace,0.0674,0.8523,-0.4379
d3-019,2,29,Wrist,3065.2691,replace,0.0675,0.8517,-0.4379
d3-019,2,29,Wrist,3071.2529,replace,0.0672,0.8513,-0.4380
d3-019,2,29,Wrist,3077.2371,replace,0.0675,0.8499,-0.4378
d3-019,2,29,Wrist,3083.2238,replace,0.0679,0.8484,-0.4375
d3-019,2,29,Wrist,3089.2078,replace,0.0679,0.8472,-0.4374
d3-019,2,29,Wrist,3095.1917,replace,0.0680,0.8475,-0.4376
d3-019,2,29,Wrist,3100.8683,replace,0.0681,0.8468,-0.4375
d3-019,2,29,Wrist,3106.8404,replace,0.0686,0.8451,-0.4370
d3-019,2,29,Wrist,3112.8247,replace,0.0687,0.8445,-0.4369
d3-019,2,29,Wrist,3118.8081,replace,0.0685,0.8437,-0.4370
d3-019,2,29,Wrist,3124.7920,replace,0.0684,0.8433,-0.4369
d3-019,2,29,Wrist,3130.7763,replace,0.0691,0.8417,-0.4367
d3-019,2,29,Wrist,3136.7601,replace,0.0692,0.8411,-0.4365
d3-019,2,29,Wrist,3142.7450,replace,0.0694,0.8405,-0.4362
d3-019,2,29,Wrist,3148.7285,replace,0.0688,0.8401,-0.4364
d3-019,2,29,Wrist,3153.9870,replace,0.0688,0.8396,-0.4363
d3-019,2,29,Wrist,3159.9708,replace,0.0691,0.8390,-0.4362
d3-019,2,29,Wrist,3165.0931,replace,0.0696,0.8376,-0.4357
d3-019,2,29,Wrist,3171.0763,replace,0.0696,0.8371,-0.4356
d3-019,2,29,Wrist,3177.0604,replace,0.0691,0.8367,-0.4355
d3-019,2,29,Wrist,3183.0443,replace,0.0691,0.8362,-0.4353
d3-019,2,29,Wrist,3189.0285,replace,0.0697,0.8345,-0.4349
d3-019,2,29,Wrist,3194.7921,replace,0.0696,0.8341,-0.4348
d3-019,2,29,Wrist,3200.7760,replace,0.0693,0.8343,-0.4345
d3-019,2,29,Wrist,3206.7603,replace,0.0692,0.8337,-0.4342
d3-019,2,29,Wrist,3212.7472,replace,0.0692,0.8329,-0.4339
d3-019,2,29,Wrist,3218.7310,replace,0.0693,0.8316,-0.4337
d3-019,2,29,Wrist,3224.7150,replace,0.0693,0.8315,-0.4334
d3-019,2,29,Wrist,3230.7003,replace,0.0689,0.8309,-0.4331
d3-019,2,29,Wrist,3235.8373,replace,0.0689,0.8304,-0.4329
d3-019,2,29,Wrist,3241.8216,replace,0.0693,0.8296,-0.4326
d3-019,2,29,Wrist,3247.8053,replace,0.0690,0.8287,-0.4323
d3-019,2,29,Wrist,3253.7892,replace,0.0688,0.8289,-0.4325
d3-019,2,29,Wrist,3259.7730,replace,0.0687,0.8281,-0.4323
d3-019,2,29,Wrist,3265.3925,replace,0.0689,0.8272,-0.4320
d3-019,2,29,Wrist,3271.0220,replace,0.0692,0.8266,-0.4318
d3-019,2,29,Wrist,3277.0085,replace,0.0685,0.8263,-0.4318
d3-019,2,29,Wrist,3282.9920,replace,0.0684,0.8261,-0.4318
d3-019,2,29,Wrist,3288.9763,replace,0.0685,0.8251,-0.4316
d3-019,2,29,Wrist,3294.2157,replace,0.0688,0.8244,-0.4313
d3-019,2,29,Wrist,3300.2003,replace,0.0687,0.8241,-0.4312
d3-019,2,29,Wrist,3305.5643,replace,0.0680,0.8240,-0.4313
d3-019,2,29,Wrist,3311.2919,replace,0.0679,0.8237,-0.4312
d3-019,2,29,Wrist,3317.2637,replace,0.0679,0.8233,-0.4311
d3-019,2,29,Wrist,3322.4325,replace,0.0684,0.8220,-0.4308
d3-019,2,29,Wrist,3328.4163,replace,0.0683,0.8218,-0.4307
d3-019,2,29,Wrist,3334.4003,replace,0.0675,0.8218,-0.4307
d3-019,2,29,Wrist,3340.3843,replace,0.0674,0.8216,-0.4307
d3-019,2,29,Wrist,3345.6490,replace,0.0677,0.8209,-0.4306
d3-019,2,29,Wrist,3351.2534,replace,0.0677,0.8200,-0.4302
d3-019,2,29,Wrist,3357.2065,replace,0.0674,0.8201,-0.4304
d3-019,2,29,Wrist,3362.9905,replace,0.0670,0.8201,-0.4304
d3-019,2,29,Wrist,3368.9745,replace,0.0670,0.8193,-0.4302
d3-019,2,29,Wrist,3374.9588,return,0.0672,0.8186,-0.4300
d3-019,2,29,Wrist,3380.9423,return,0.0672,0.8179,-0.4299
d3-019,2,29,Wrist,3386.9268,return,0.0665,0.8182,-0.4300
d3-019,2,29,Wrist,3392.1354,return,0.0665,0.8180,-0.4300
d3-019,2,29,Wrist,3398.1201,return,0.0669,0.8165,-0.4298
d3-019,2,29,Wrist,3404.1067,return,0.0668,0.8162,-0.4297
d3-019,2,29,Wrist,3410.0910,return,0.0668,0.8158,-0.4296
d3-019,2,29,Wrist,3415.5293,return,0.0661,0.8159,-0.4298
d3-019,2,29,Wrist,3421.8843,return,0.0662,0.8147,-0.4296
d3-019,2,29,Wrist,3427.8556,return,0.0664,0.8143,-0.4297
d3-019,2,29,Wrist,3433.8396,return,0.0663,0.8143,-0.4298
d3-019,2,29,Wrist,3439.8235,return,0.0659,0.8146,-0.4303
d3-019,2,29,Wrist,3445.8075,return,0.0658,0.8144,-0.4303
d3-019,2,29,Wrist,3451.7915,return,0.0660,0.8134,-0.4301
d3-019,2,29,Wrist,3457.7756,return,0.0659,0.8134,-0.4302
d3-019,2,29,Wrist,3463.5336,return,0.0656,0.8138,-0.4306
d3-019,2,29,Wrist,3469.5177,return,0.0656,0.8138,-0.4306
d3-019,2,29,Wrist,3474.5218,return,0.0655,0.8137,-0.4306
d3-019,2,29,Wrist,3480.5056,return,0.0658,0.8129,-0.4303
d3-019,2,29,Wrist,3486.1792,return,0.0657,0.8128,-0.4303
d3-019,2,29,Wrist,3491.5419,return,0.0655,0.8130,-0.4304
d3-019,2,29,Wrist,3497.5151,return,0.0655,0.8130,-0.4304
d3-019,2,29,Wrist,3503.4981,return,0.0655,0.8127,-0.4301
d3-019,2,29,Wrist,3509.4828,return,0.0656,0.8126,-0.4300
d3-019,2,29,Wrist,3515.4696,return,0.0654,0.8128,-0.4301
d3-019,2,29,Wrist,3521.8988,return,0.0653,0.8128,-0.4301
d3-019,2,29,Wrist,3527.8657,return,0.0652,0.8127,-0.4299
d3-019,2,29,Wrist,3533.8498,return,0.0656,0.8122,-0.4296
d3-019,2,29,Wrist,3539.8336,return,0.0658,0.8118,-0.4294
d3-019,2,29,Wrist,3544.9142,return,0.0652,0.8123,-0.4296
d3-019,2,29,Wrist,3550.8979,return,0.0652,0.8121,-0.4295
d3-019,2,29,Wrist,3556.8817,return,0.0659,0.8108,-0.4289
d3-019,2,29,Wrist,3562.8660,return,0.0659,0.8107,-0.4289
d3-019,2,29,Wrist,3568.8499,return,0.0653,0.8110,-0.4295
d3-019,2,29,Wrist,3574.8339,return,0.0654,0.8108,-0.4297
d3-019,2,29,Wrist,3580.8178,return,0.0659,0.8098,-0.4293
d3-019,2,29,Wrist,3586.8031,return,0.0660,0.8093,-0.4294
d3-019,2,29,Wrist,3592.7853,return,0.0660,0.8091,-0.4294
d3-019,2,29,Wrist,3598.7709,return,0.0654,0.8097,-0.4302
d3-019,2,29,Wrist,3604.3655,return,0.0653,0.8095,-0.4302
d3-019,2,29,Wrist,3610.3496,return,0.0656,0.8084,-0.4297
d3-019,2,29,Wrist,3615.9718,return,0.0655,0.8083,-0.4298
d3-019,2,29,Wrist,3621.3881,return,0.0654,0.8082,-0.4299
d3-019,2,29,Wrist,3627.3627,return,0.0648,0.8090,-0.4306
d3-019,2,29,Wrist,3633.3469,return,0.0647,0.8089,-0.4306
d3-019,2,29,Wrist,3639.3307,return,0.0649,0.8078,-0.4301
d3-019,2,29,Wrist,3644.8795,return,0.0648,0.8077,-0.4301
d3-019,2,29,Wrist,3650.8631,return,0.0644,0.8084,-0.4306
d3-019,2,29,Wrist,3656.8473,return,0.0640,0.8086,-0.4308
d3-019,2,29,Wrist,3661.9692,return,0.0640,0.8079,-0.4305
d3-019,2,29,Wrist,3667.9528,return,0.0642,0.8074,-0.4300
d3-019,2,29,Wrist,3673.9369,return,0.0640,0.8074,-0.4300
d3-019,2,29,Wrist,3679.9209,return,0.0640,0.8073,-0.4300
d3-019,2,29,Wrist,3685.3691,return,0.0633,0.8077,-0.4300
d3-019,2,29,Wrist,3691.0368,return,0.0636,0.8069,-0.4293
d3-019,2,29,Wrist,3697.0033,return,0.0633,0.8069,-0.4290
d3-019,2,29,Wrist,3702.1457,return,0.0626,0.8078,-0.4295
d3-019,2,29,Wrist,3708.1296,return,0.0626,0.8078,-0.4293
d3-019,2,29,Wrist,3714.1130,return,0.0630,0.8071,-0.4285
d3-019,2,29,Wrist,3720.0976,return,0.0629,0.8070,-0.4284
d3-019,2,29,Wrist,3725.1495,return,0.0628,0.8072,-0.4284
d3-019,2,29,Wrist,3731.1344,return,0.0621,0.8087,-0.4290
d3-019,2,29,Wrist,3737.1180,return,0.0619,0.8092,-0.4292
d3-019,2,29,Wrist,3743.1027,return,0.0622,0.8089,-0.4287
d3-019,2,29,Wrist,3749.0861,return,0.0626,0.8092,-0.4286
d3-019,2,29,Wrist,3755.0698,return,0.0622,0.8116,-0.4298
d3-019,2,29,Wrist,3760.9158,return,0.0620,0.8123,-0.4300
d3-019,2,29,Wrist,3766.8884,return,0.0623,0.8128,-0.4300
d3-019,2,29,Wrist,3772.1475,return,0.0628,0.8136,-0.4302
d3-019,2,29,Wrist,3778.1313,return,0.0629,0.8143,-0.4304
d3-019,2,29,Wrist,3784.1151,return,0.0627,0.8162,-0.4313
d3-019,2,29,Wrist,3790.0994,return,0.0631,0.8179,-0.4320
d3-019,2,29,Wrist,3796.0835,return,0.0635,0.8180,-0.4318
d3-019,2,29,Wrist,3801.1149,return,0.0640,0.8187,-0.4321
d3-019,2,29,Wrist,3807.0903,return,0.0644,0.8212,-0.4337
d3-019,2,29,Wrist,3812.2258,return,0.0648,0.8225,-0.4347
d3-019,2,29,Wrist,3818.2094,return,0.0659,0.8238,-0.4357
d3-019,2,29,Wrist,3823.4226,return,0.0668,0.8240,-0.4360
d3-019,2,29,Wrist,3829.4065,return,0.0668,0.8240,-0.4360
d3-019,2,29,Wrist,3834.7221,return,0.0680,0.8263,-0.4379
d3-019,2,29,Wrist,3840.7063,return,0.0691,0.8288,-0.4406
d3-019,2,29,Wrist,3846.0211,return,0.0700,0.8294,-0.4414
d3-019,2,29,Wrist,3852.0054,return,0.0721,0.8302,-0.4430
d3-019,2,29,Wrist,3857.9891,return,0.0732,0.8310,-0.4442
d3-019,2,29,Wrist,3863.9735,return,0.0753,0.8337,-0.4476
d3-019,2,29,Wrist,3869.9569,return,0.0763,0.8344,-0.4488
d3-019,2,29,Wrist,3874.9894,return,0.0775,0.8345,-0.4494
d3-019,2,29,Wrist,3880.9729,return,0.0797,0.8361,-0.4522
d3-019,2,29,Wrist,3886.9570,return,0.0812,0.8372,-0.4539
d3-019,2,29,Wrist,3892.9409,return,0.0842,0.8390,-0.4572
d3-019,2,29,Wrist,3898.9252,return,0.0855,0.8398,-0.4584
d3-019,2,29,Wrist,3904.2330,return,0.0863,0.8404,-0.4595
d3-019,2,29,Wrist,3910.2175,return,0.0896,0.8421,-0.4625
d3-019,2,29,Wrist,3915.4700,return,0.0914,0.8432,-0.4647
d3-019,2,29,Wrist,3921.4540,return,0.0930,0.8441,-0.4662
d3-019,2,29,Wrist,3927.4378,return,0.0956,0.8456,-0.4692
d3-019,2,29,Wrist,3932.5229,return,0.0971,0.8463,-0.4705
d3-019,2,29,Wrist,3938.5058,return,0.1012,0.8491,-0.4749
d3-019,2,29,Wrist,3944.4927,return,0.1028,0.8500,-0.4767
d3-019,2,29,Wrist,3950.4770,return,0.1046,0.8510,-0.4786
d3-019,2,29,Wrist,3956.1575,return,0.1079,0.8524,-0.4821
d3-019,2,29,Wrist,3962.1416,return,0.1094,0.8533,-0.4838
d3-019,2,29,Wrist,3968.1256,return,0.1141,0.8559,-0.4888
d3-019,2,29,Wrist,3973.8940,return,0.1158,0.8568,-0.4909
d3-019,2,29,Wrist,3979.8779,return,0.1177,0.8575,-0.4930
d3-019,2,29,Wrist,3985.8622,return,0.1213,0.8588,-0.4969
d3-019,2,29,Wrist,3990.9340,return,0.1239,0.8598,-0.4993
d3-019,2,29,Wrist,3996.8880,return,0.1287,0.8620,-0.5044
d3-019,2,29,Wrist,4001.9935,return,0.1309,0.8627,-0.5068
d3-019,2,29,Wrist,4007.9780,return,0.1329,0.8627,-0.5087
d3-019,2,29,Wrist,4013.9615,return,0.1370,0.8640,-0.5133
d3-019,2,29,Wrist,4019.9457,return,0.1402,0.8651,-0.5162
d3-019,2,29,Wrist,4025.1152,return,0.1428,0.8658,-0.5188
d3-019,2,29,Wrist,4030.8002,return,0.1481,0.8659,-0.5235
d3-019,2,29,Wrist,4036.7709,return,0.1500,0.8660,-0.5257
d3-019,2,29,Wrist,4042.4802,return,0.1525,0.8663,-0.5280
d3-019,2,29,Wrist,4048.4644,return,0.1582,0.8675,-0.5333
d3-019,2,29,Wrist,4054.4513,return,0.1608,0.8676,-0.5356
d3-019,2,29,Wrist,4060.4352,return,0.1658,0.8668,-0.5401
d3-019,2,29,Wrist,4066.4220,return,0.1686,0.8667,-0.5424
d3-019,2,29,Wrist,4072.4060,return,0.1743,0.8673,-0.5477
d3-019,2,29,Wrist,4078.3900,return,0.1769,0.8672,-0.5502
d3-019,2,29,Wrist,4084.3739,return,0.1819,0.8657,-0.5547
d3-019,2,29,Wrist,4090.3577,return,0.1848,0.8653,-0.5570
d3-019,2,29,Wrist,4095.7964,return,0.1875,0.8650,-0.5595
d3-019,2,29,Wrist,4101.7803,return,0.1929,0.8652,-0.5649
d3-019,2,29,Wrist,4107.7643,return,0.1953,0.8650,-0.5673
d3-019,2,29,Wrist,4113.4048,return,0.1983,0.8640,-0.5696
d3-019,2,29,Wrist,4119.3885,return,0.2033,0.8627,-0.5740
d3-019,2,29,Wrist,4125.3726,return,0.2057,0.8627,-0.5766
d3-019,2,29,Wrist,4131.5967,return,0.2111,0.8625,-0.5816
d3-019,2,29,Wrist,4137.5654,return,0.2136,0.8618,-0.5839
d3-019,2,29,Wrist,4143.2235,return,0.2188,0.8601,-0.5882
d3-019,2,29,Wrist,4149.2079,return,0.2211,0.8596,-0.5903
d3-019,2,29,Wrist,4155.1946,return,0.2255,0.8595,-0.5949
d3-019,2,29,Wrist,4161.1787,return,0.2278,0.8591,-0.5972
d3-019,2,29,Wrist,4167.1624,return,0.2303,0.8575,-0.5990
d3-019,2,29,Wrist,4172.8189,return,0.2346,0.8563,-0.6029
d3-019,2,29,Wrist,4178.8030,return,0.2362,0.8563,-0.6049
d3-019,2,29,Wrist,4184.7865,return,0.2400,0.8555,-0.6088
d3-019,2,29,Wrist,4190.7708,return,0.2424,0.8541,-0.6105
d3-019,2,29,Wrist,4196.7549,return,0.2458,0.8524,-0.6135
d3-019,2,29,Wrist,4202.3960,return,0.2472,0.8521,-0.6153
d3-019,2,29,Wrist,4208.3796,return,0.2485,0.8517,-0.6172
d3-019,2,29,Wrist,4214.3638,return,0.2501,0.8511,-0.6187
d3-019,2,29,Wrist,4220.3470,return,0.2534,0.8484,-0.6214
d3-019,2,29,Wrist,4226.3315,return,0.2559,0.8471,-0.6244
d3-019,2,29,Wrist,4232.3154,return,0.2568,0.8472,-0.6260
d3-019,2,29,Wrist,4238.2990,return,0.2580,0.8466,-0.6274
d3-019,2,29,Wrist,4244.1081,return,0.2608,0.8443,-0.6299
d3-019,2,29,Wrist,4250.0915,return,0.2620,0.8436,-0.6312
d3-019,2,29,Wrist,4256.0759,return,0.2628,0.8431,-0.6324
d3-019,2,29,Wrist,4262.0748,return,0.2639,0.8428,-0.6349
d3-019,2,29,Wrist,4268.0582,return,0.2662,0.8408,-0.6372
d3-019,2,29,Wrist,4274.0425,return,0.2669,0.8402,-0.6382
d3-019,2,29,Wrist,4280.0266,return,0.2677,0.8397,-0.6392
d3-019,2,29,Wrist,4285.1637,return,0.2686,0.8395,-0.6413
d3-019,2,29,Wrist,4291.1547,return,0.2692,0.8390,-0.6421
d3-019,2,29,Wrist,4297.1260,return,0.2712,0.8371,-0.6438
d3-019,2,29,Wrist,4303.1101,return,0.2716,0.8368,-0.6445
d3-019,2,29,Wrist,4309.0936,return,0.2720,0.8363,-0.6452
d3-019,2,29,Wrist,4315.0779,return,0.2727,0.8361,-0.6470
d3-019,2,29,Wrist,4321.0619,return,0.2733,0.8356,-0.6476
d3-019,2,29,Wrist,4327.0459,return,0.2749,0.8341,-0.6491
d3-019,2,29,Wrist,4333.0297,return,0.2755,0.8336,-0.6498
d3-019,2,29,Wrist,4339.0137,return,0.2761,0.8339,-0.6512
d3-019,2,29,Wrist,4344.9977,returned,0.2767,0.8335,-0.6518
d3-019,2,29,Wrist,4350.9817,returned,0.2782,0.8321,-0.6531
d3-019,2,29,Wrist,4356.9651,returned,0.2786,0.8317,-0.6536
d3-019,2,29,Wrist,4362.9496,returned,0.2788,0.8318,-0.6540
d3-019,2,29,Wrist,4368.9340,returned,0.2795,0.8315,-0.6549
d3-019,2,29,Wrist,4374.9162,returned,0.2799,0.8310,-0.6553
d3-019,2,29,Wrist,4380.9124,returned,0.2810,0.8299,-0.6561
d3-019,2,29,Wrist,4386.8875,returned,0.2813,0.8296,-0.6564
d3-019,2,29,Wrist,4392.8710,returned,0.2813,0.8292,-0.6568
d3-019,2,29,Wrist,4398.8561,returned,0.2816,0.8288,-0.6570
d3-019,2,29,Wrist,4404.8390,returned,0.2822,0.8279,-0.6573
d3-019,2,29,Wrist,4410.8234,returned,0.2828,0.8267,-0.6577
d3-019,2,29,Wrist,4416.8073,returned,0.2826,0.8268,-0.6579
d3-019,2,29,Wrist,4422.7909,returned,0.2831,0.8258,-0.6581
d3-019,2,29,Wrist,4428.7750,returned,0.2834,0.8249,-0.6583
d3-019,2,29,Wrist,4434.7590,returned,0.2835,0.8241,-0.6583
d3-019,2,29,Wrist,4440.7431,returned,0.2837,0.8234,-0.6584
d3-019,2,29,Wrist,4446.7275,returned,0.2837,0.8225,-0.6586
d3-019,2,29,Wrist,4452.3178,returned,0.2838,0.8218,-0.6587
d3-019,2,29,Wrist,4458.3013,returned,0.2840,0.8211,-0.6588
d3-019,2,29,Wrist,4463.8525,returned,0.2841,0.8206,-0.6589
d3-019,2,29,Wrist,4469.8371,returned,0.2839,0.8209,-0.6589
d3-019,2,29,Wrist,4475.8210,returned,0.2838,0.8207,-0.6590
d3-019,2,29,Wrist,4481.8050,returned,0.2838,0.8204,-0.6592
d3-019,2,29,Wrist,4487.7890,returned,0.2836,0.8206,-0.6594
d3-019,2,29,Wrist,4493.7727,returned,0.2834,0.8208,-0.6595
d3-019,2,29,Wrist,4499.7565,returned,0.2829,0.8222,-0.6601
d3-019,2,29,Wrist,4505.7410,returned,0.2827,0.8227,-0.6608
d3-019,2,29,Wrist,4511.5768,returned,0.2826,0.8228,-0.6612
d3-019,2,29,Wrist,4517.5488,returned,0.2825,0.8240,-0.6620
d3-019,2,29,Wrist,4523.5068,returned,0.2820,0.8245,-0.6626
d3-019,2,29,Wrist,4529.4904,returned,0.2820,0.8248,-0.6629
d3-019,2,29,Wrist,4534.6064,returned,0.2823,0.8249,-0.6637
d3-019,2,29,Wrist,4540.5911,returned,0.2822,0.8251,-0.6640
d3-019,2,29,Wrist,4546.5789,returned,0.2820,0.8252,-0.6643
d3-019,2,29,Wrist,4552.5652,returned,0.2818,0.8257,-0.6649
d3-019,2,29,Wrist,4558.5495,returned,0.2816,0.8257,-0.6651
d3-019,2,29,Wrist,4564.0902,returned,0.2815,0.8253,-0.6656
d3-019,2,29,Wrist,4570.0744,returned,0.2813,0.8253,-0.6658
d3-019,2,29,Wrist,4576.0583,returned,0.2808,0.8259,-0.6664
d3-019,2,29,Wrist,4581.3712,returned,0.2806,0.8259,-0.6666
d3-019,2,29,Wrist,4587.3422,returned,0.2805,0.8257,-0.6667
d3-019,2,29,Wrist,4593.0132,returned,0.2802,0.8256,-0.6671
d3-019,2,29,Wrist,4598.9979,returned,0.2799,0.8260,-0.6674
d3-019,2,29,Wrist,4604.1544,returned,0.2796,0.8263,-0.6678
d3-019,2,29,Wrist,4610.1379,returned,0.2793,0.8263,-0.6683
d3-019,2,29,Wrist,4616.1247,returned,0.2794,0.8259,-0.6684
d3-019,2,29,Wrist,4621.1764,returned,0.2792,0.8260,-0.6686
d3-019,2,29,Wrist,4627.1526,returned,0.2790,0.8262,-0.6690
d3-019,2,29,Wrist,4632.1842,returned,0.2784,0.8269,-0.6696
d3-019,2,29,Wrist,4638.1675,returned,0.2782,0.8270,-0.6699
d3-019,2,29,Wrist,4643.2614,returned,0.2785,0.8266,-0.6705
d3-019,2,29,Wrist,4649.2455,returned,0.2783,0.8268,-0.6708
d3-019,2,29,Wrist,4654.4248,returned,0.2779,0.8273,-0.6710
d3-019,2,29,Wrist,4660.4089,returned,0.2777,0.8275,-0.6712
d3-019,2,29,Wrist,4665.6251,returned,0.2777,0.8275,-0.6719
d3-019,2,29,Wrist,4671.1188,returned,0.2777,0.8274,-0.6721
d3-019,2,29,Wrist,4677.1028,returned,0.2775,0.8278,-0.6726
d3-019,2,29,Wrist,4682.8741,returned,0.2772,0.8281,-0.6729
d3-019,2,29,Wrist,4688.8582,returned,0.2772,0.8282,-0.6734
d3-019,2,29,Wrist,4694.0917,returned,0.2774,0.8278,-0.6734
d3-019,2,29,Wrist,4700.0755,returned,0.2773,0.8279,-0.6735
d3-019,2,29,Wrist,4705.1154,returned,0.2773,0.8279,-0.6737
d3-019,2,29,Wrist,4710.9631,returned,0.2769,0.8286,-0.6742
d3-019,2,29,Wrist,4716.9362,returned,0.2769,0.8286,-0.6743
d3-019,2,29,Wrist,4722.9207,returned,0.2772,0.8280,-0.6744
d3-019,2,29,Wrist,4728.9045,returned,0.2772,0.8280,-0.6746
d3-019,2,29,Wrist,4734.7966,returned,0.2769,0.8288,-0.6750
d3-019,2,29,Wrist,4740.7801,returned,0.2769,0.8288,-0.6751
d3-019,2,29,Wrist,4746.7644,returned,0.2771,0.8285,-0.6751
d3-019,2,29,Wrist,4752.7483,returned,0.2772,0.8283,-0.6754
d3-019,2,29,Wrist,4758.7325,returned,0.2772,0.8285,-0.6755
d3-019,2,29,Wrist,4764.2883,returned,0.2772,0.8290,-0.6758
d3-019,2,29,Wrist,4770.3114,returned,0.2773,0.8289,-0.6761
d3-019,2,29,Wrist,4775.8662,returned,0.2776,0.8285,-0.6761
d3-019,2,29,Wrist,4781.8509,returned,0.2779,0.8286,-0.6765
d3-019,2,29,Wrist,4787.8343,returned,0.2776,0.8292,-0.6767
d3-019,2,29,Wrist,4793.8187,returned,0.2778,0.8293,-0.6770
d3-019,2,29,Wrist,4799.8023,returned,0.2784,0.8289,-0.6771
d3-019,2,29,Wrist,4805.7859,returned,0.2785,0.8289,-0.6775
d3-019,2,29,Wrist,4811.7707,returned,0.2783,0.8295,-0.6776
d3-019,2,29,Wrist,4817.7543,returned,0.2784,0.8296,-0.6779
d3-019,2,29,Wrist,4823.7384,returned,0.2788,0.8293,-0.6780
d3-019,2,29,Wrist,4829.7222,returned,0.2789,0.8292,-0.6781
d3-019,2,29,Wrist,4835.4972,returned,0.2789,0.8296,-0.6783
d3-019,2,29,Wrist,4841.4129,returned,0.2788,0.8299,-0.6786
d3-019,2,29,Wrist,4847.3790,returned,0.2789,0.8299,-0.6787
d3-019,2,29,Wrist,4853.0552,returned,0.2792,0.8294,-0.6788
d3-019,2,29,Index,0.9973,startbuffer,0.0000,0.0000,0.0000
